time_index,time_stamp,L1,L2,L3,L4,R1,R2,R3,R4,Futek,ENC2
0.0005,2019-09-08 18:44:37.469178,234.0,206.0,186.0,206.0,372.0,234.0,234.0,220.0,,-85,8341929
0.3835,2019-09-08 18:44:37.493316,234.0,446.0,206.0,188.0,180.0,372.0,234.0,180.0,,-85,8341942
0.4075,2019-09-08 18:44:37.518780,186.0,446.0,206.0,186.0,178.0,370.0,234.0,370.0,,-85,8342870
0.4331,2019-09-08 18:44:37.542060,234.0,444.0,206.0,186.0,178.0,370.0,234.0,220.0,,-85,8341472
0.4565,2019-09-08 18:44:37.562445,234.0,444.0,206.0,186.0,180.0,220.0,180.0,370.0,,-85,8343071
0.4767,2019-09-08 18:44:37.587055,234.0,444.0,188.0,234.0,180.0,368.0,234.0,220.0,,-85,8342351
0.5013,2019-09-08 18:44:37.610361,234.0,206.0,188.0,206.0,220.0,178.0,180.0,220.0,,-85,8342500
0.5247,2019-09-08 18:44:37.642569,186.0,234.0,186.0,234.0,234.0,180.0,180.0,368.0,,-85,8342624
0.5569,2019-09-08 18:44:37.658436,234.0,234.0,186.0,186.0,368.0,234.0,220.0,366.0,,-85,8342908
0.5728,2019-09-08 18:44:37.685528,446.0,446.0,206.0,446.0,366.0,234.0,366.0,180.0,,-85,8342458
0.6,2019-09-08 18:44:37.707454,234.0,186.0,234.0,234.0,222.0,178.0,220.0,178.0,,-85,8342624
0.6217,2019-09-08 18:44:37.790158,234.0,206.0,206.0,188.0,364.0,234.0,222.0,180.0,,-85,8342285
0.7052,2019-09-08 18:44:37.796959,234.0,444.0,206.0,186.0,178.0,362.0,234.0,222.0,,-85,8341700
0.7114,2019-09-08 18:44:37.820625,446.0,446.0,206.0,186.0,222.0,222.0,362.0,362.0,,-85,8342482
0.7352,2019-09-08 18:44:37.827851,208.0,186.0,234.0,444.0,222.0,222.0,180.0,362.0,,-85,8342378
0.7424,2019-09-08 18:44:37.850071,234.0,206.0,206.0,236.0,180.0,222.0,234.0,222.0,,-85,8341659
0.7648,2019-09-08 18:44:37.873489,188.0,444.0,206.0,186.0,180.0,360.0,236.0,222.0,,-85,8342008
0.788,2019-09-08 18:44:37.896886,186.0,234.0,234.0,206.0,222.0,180.0,236.0,222.0,,-85,8341925
0.8114,2019-09-08 18:44:37.922097,206.0,188.0,236.0,440.0,180.0,360.0,360.0,236.0,,-85,8342327
0.8366,2019-09-08 18:44:37.953081,206.0,186.0,234.0,438.0,222.0,360.0,360.0,222.0,,-85,8342233
0.8678,2019-09-08 18:44:37.975754,436.0,206.0,186.0,234.0,222.0,180.0,234.0,222.0,,-85,8341441
0.8903,2019-09-08 18:44:38.113374,436.0,186.0,434.0,206.0,222.0,180.0,360.0,236.0,,-86,8341756
1.0279,2019-09-08 18:44:38.129452,422.0,204.0,186.0,232.0,178.0,222.0,180.0,360.0,,-86,8341994
1.0441,2019-09-08 18:44:38.136647,420.0,204.0,186.0,232.0,236.0,222.0,180.0,360.0,,-86,8342098
1.0511,2019-09-08 18:44:38.159015,416.0,186.0,416.0,416.0,360.0,236.0,222.0,180.0,,-86,8341780
1.0736,2019-09-08 18:44:38.186614,416.0,186.0,416.0,204.0,180.0,358.0,236.0,222.0,,-86,8342361
1.1013,2019-09-08 18:44:38.221842,204.0,186.0,232.0,204.0,222.0,180.0,356.0,236.0,,-86,8341991
1.1364,2019-09-08 18:44:38.235300,204.0,410.0,410.0,408.0,236.0,238.0,222.0,180.0,,-86,8342576
1.1499,2019-09-08 18:44:38.259298,204.0,186.0,232.0,404.0,356.0,236.0,222.0,180.0,,-86,8342150
1.1738,2019-09-08 18:44:38.284660,232.0,186.0,230.0,400.0,354.0,238.0,224.0,178.0,,-86,8341970
1.1992,2019-09-08 18:44:38.308264,204.0,186.0,204.0,188.0,354.0,224.0,224.0,180.0,,-86,8341898
1.2228,2019-09-08 18:44:38.334111,202.0,186.0,230.0,204.0,352.0,352.0,180.0,224.0,,-86,8342680
1.2487,2019-09-08 18:44:38.373856,230.0,202.0,384.0,204.0,224.0,180.0,350.0,350.0,,-86,8341856
1.2886,2019-09-08 18:44:38.383247,228.0,202.0,380.0,228.0,238.0,224.0,180.0,350.0,,-86,8342122
1.2978,2019-09-08 18:44:38.408336,376.0,202.0,186.0,228.0,238.0,224.0,350.0,238.0,,-86,8342036
1.3229,2019-09-08 18:44:38.431960,228.0,202.0,186.0,228.0,350.0,238.0,180.0,348.0,,-86,8342282
1.3465,2019-09-08 18:44:38.477969,376.0,202.0,376.0,228.0,180.0,348.0,238.0,224.0,,-86,8342728
1.3926,2019-09-08 18:44:38.498209,376.0,376.0,202.0,186.0,224.0,180.0,348.0,238.0,,-86,8342160
1.4127,2019-09-08 18:44:38.528983,376.0,228.0,204.0,376.0,226.0,348.0,348.0,238.0,,-86,8342247
1.4435,2019-09-08 18:44:38.615953,228.0,376.0,202.0,186.0,224.0,348.0,348.0,238.0,,-86,8342479
1.5306,2019-09-08 18:44:38.622462,228.0,186.0,226.0,202.0,178.0,350.0,238.0,238.0,,-86,8342479
1.5372,2019-09-08 18:44:38.644810,186.0,226.0,376.0,226.0,238.0,224.0,350.0,350.0,,-86,8342468
1.5594,2019-09-08 18:44:38.668607,378.0,202.0,186.0,226.0,350.0,350.0,238.0,224.0,,-86,8342171
1.5831,2019-09-08 18:44:38.690873,226.0,226.0,380.0,380.0,350.0,238.0,224.0,180.0,,-86,8342783
1.6057,2019-09-08 18:44:38.714242,202.0,186.0,226.0,186.0,180.0,350.0,238.0,224.0,,-86,8342323
1.6289,2019-09-08 18:44:38.743687,384.0,202.0,186.0,228.0,350.0,350.0,238.0,224.0,,-86,8342230
1.6582,2019-09-08 18:44:38.780386,386.0,202.0,388.0,204.0,180.0,350.0,238.0,224.0,,-86,8342244
1.695,2019-09-08 18:44:38.810467,228.0,186.0,204.0,186.0,180.0,350.0,238.0,224.0,,-86,8342050
1.7251,2019-09-08 18:44:38.818105,204.0,228.0,204.0,204.0,180.0,350.0,238.0,180.0,,-86,8341780
1.7326,2019-09-08 18:44:38.839786,186.0,228.0,204.0,186.0,348.0,224.0,224.0,348.0,,-86,8342507
1.7543,2019-09-08 18:44:38.908179,228.0,228.0,204.0,228.0,238.0,224.0,180.0,180.0,,-86,8342077
1.8227,2019-09-08 18:44:38.928621,188.0,204.0,186.0,228.0,348.0,224.0,180.0,180.0,,-86,8342160
1.8435,2019-09-08 18:44:38.995797,186.0,400.0,186.0,402.0,346.0,344.0,240.0,226.0,,-86,8342493
1.9103,2019-09-08 18:44:39.005767,230.0,186.0,230.0,406.0,180.0,344.0,240.0,180.0,,-86,8341981
1.9202,2019-09-08 18:44:39.021940,404.0,230.0,186.0,204.0,180.0,344.0,240.0,226.0,,-86,8342399
1.9364,2019-09-08 18:44:39.052967,402.0,230.0,230.0,204.0,342.0,344.0,226.0,180.0,,-86,8342621
1.9675,2019-09-08 18:44:39.092462,204.0,398.0,204.0,186.0,240.0,180.0,180.0,342.0,,-86,8342344
2.007,2019-09-08 18:44:39.098780,204.0,230.0,230.0,204.0,226.0,180.0,342.0,240.0,,-86,8342071
2.0133,2019-09-08 18:44:39.123087,186.0,230.0,230.0,396.0,226.0,180.0,342.0,242.0,,-86,8341714
2.0376,2019-09-08 18:44:39.148261,398.0,230.0,398.0,204.0,226.0,180.0,340.0,242.0,,-86,8342195
2.0627,2019-09-08 18:44:39.186661,186.0,230.0,400.0,400.0,226.0,180.0,180.0,242.0,,-86,8342275
2.1012,2019-09-08 18:44:39.198833,402.0,204.0,204.0,188.0,228.0,180.0,340.0,242.0,,-86,8341745
2.1134,2019-09-08 18:44:39.222987,232.0,406.0,206.0,186.0,242.0,226.0,180.0,340.0,,-86,8342140
2.1374,2019-09-08 18:44:39.251131,186.0,232.0,232.0,408.0,242.0,228.0,180.0,242.0,,-86,8341773
2.1656,2019-09-08 18:44:39.280651,232.0,406.0,186.0,406.0,242.0,228.0,180.0,340.0,,-86,8341828
2.1951,2019-09-08 18:44:39.302835,404.0,206.0,404.0,204.0,242.0,226.0,180.0,340.0,,-86,8342659
2.2173,2019-09-08 18:44:39.326428,404.0,206.0,188.0,204.0,242.0,228.0,180.0,340.0,,-86,8341776
2.2409,2019-09-08 18:44:39.354105,206.0,186.0,402.0,204.0,242.0,226.0,340.0,180.0,,-86,8341686
2.2686,2019-09-08 18:44:39.377530,206.0,188.0,232.0,206.0,226.0,180.0,342.0,240.0,,-86,8342382
2.292,2019-09-08 18:44:39.402509,186.0,232.0,206.0,186.0,226.0,180.0,342.0,240.0,,-86,8342337
2.317,2019-09-08 18:44:39.428697,186.0,406.0,206.0,204.0,180.0,342.0,240.0,224.0,,-86,8342361
2.3432,2019-09-08 18:44:39.455208,408.0,206.0,188.0,206.0,226.0,180.0,344.0,224.0,,-86,8341918
2.3697,2019-09-08 18:44:39.487202,186.0,410.0,206.0,234.0,180.0,224.0,180.0,346.0,,-86,8342659
2.4018,2019-09-08 18:44:39.509293,234.0,206.0,188.0,234.0,180.0,180.0,224.0,178.0,,-86,8341960
2.4237,2019-09-08 18:44:39.534255,234.0,188.0,234.0,188.0,224.0,346.0,238.0,224.0,,-86,8341455
2.4487,2019-09-08 18:44:39.558890,206.0,188.0,234.0,416.0,180.0,348.0,238.0,224.0,,-86,8342721
2.4734,2019-09-08 18:44:39.585501,418.0,234.0,186.0,234.0,180.0,238.0,238.0,224.0,,-86,8342725
2.5,2019-09-08 18:44:39.612732,418.0,418.0,418.0,206.0,180.0,348.0,238.0,224.0,,-86,8342247
2.5272,2019-09-08 18:44:39.639144,234.0,234.0,418.0,186.0,224.0,180.0,222.0,236.0,,-86,8343095
2.5539,2019-09-08 18:44:39.662749,188.0,418.0,418.0,234.0,222.0,180.0,350.0,236.0,,-86,8341517
2.5774,2019-09-08 18:44:39.693780,234.0,206.0,186.0,234.0,222.0,178.0,352.0,236.0,,-86,8342147
2.6083,2019-09-08 18:44:39.717837,422.0,422.0,206.0,186.0,178.0,236.0,236.0,352.0,,-86,8341780
2.6323,2019-09-08 18:44:39.774779,234.0,426.0,206.0,188.0,236.0,222.0,180.0,352.0,,-86,8341891
2.6893,2019-09-08 18:44:39.781164,206.0,188.0,234.0,186.0,236.0,236.0,222.0,352.0,,-86,8342427
2.6956,2019-09-08 18:44:39.800464,432.0,206.0,434.0,206.0,354.0,236.0,222.0,354.0,,-86,8342600
2.7152,2019-09-08 18:44:39.818827,432.0,204.0,188.0,432.0,236.0,222.0,180.0,354.0,,-86,8341929
2.7334,2019-09-08 18:44:39.843733,432.0,430.0,206.0,188.0,236.0,236.0,222.0,178.0,,-86,8341794
2.7588,2019-09-08 18:44:39.868019,236.0,188.0,236.0,426.0,354.0,236.0,220.0,178.0,,-86,8342524
2.7826,2019-09-08 18:44:39.965003,206.0,188.0,206.0,188.0,356.0,220.0,178.0,356.0,,-86,8342140
2.8796,2019-09-08 18:44:39.985232,188.0,236.0,422.0,206.0,220.0,180.0,220.0,180.0,,-86,8342711
2.8997,2019-09-08 18:44:40.008460,188.0,236.0,206.0,420.0,234.0,220.0,356.0,234.0,,-86,8341814
2.9229,2019-09-08 18:44:40.031094,206.0,422.0,236.0,206.0,220.0,180.0,358.0,234.0,,-86,8342399
2.9456,2019-09-08 18:44:40.072328,188.0,238.0,422.0,208.0,220.0,180.0,358.0,234.0,,-86,8341780
2.9868,2019-09-08 18:44:40.081536,238.0,186.0,422.0,188.0,178.0,180.0,358.0,220.0,,-86,8341538
2.996,2019-09-08 18:44:40.110640,422.0,208.0,240.0,208.0,220.0,178.0,234.0,220.0,,-86,8342520
3.0251,2019-09-08 18:44:40.131367,422.0,188.0,422.0,208.0,232.0,178.0,358.0,232.0,,-86,8342302
3.0459,2019-09-08 18:44:40.185977,240.0,210.0,208.0,188.0,232.0,358.0,232.0,358.0,,-86,8342088
3.1005,2019-09-08 18:44:40.225414,420.0,186.0,240.0,240.0,178.0,358.0,232.0,220.0,,-86,8341977
3.1401,2019-09-08 18:44:40.231930,240.0,210.0,210.0,188.0,178.0,358.0,232.0,178.0,,-86,8342261
3.1465,2019-09-08 18:44:40.251048,240.0,418.0,188.0,418.0,358.0,232.0,220.0,178.0,,-86,8342437
3.1656,2019-09-08 18:44:40.276481,210.0,210.0,188.0,240.0,358.0,232.0,232.0,220.0,,-86,8341690
3.191,2019-09-08 18:44:40.299650,208.0,240.0,210.0,188.0,360.0,180.0,232.0,220.0,,-86,8342718
3.2142,2019-09-08 18:44:40.328415,210.0,188.0,242.0,208.0,362.0,232.0,220.0,180.0,,-86,8341880
3.2429,2019-09-08 18:44:40.353570,188.0,242.0,418.0,210.0,362.0,232.0,218.0,178.0,,-86,8342603
3.2681,2019-09-08 18:44:40.377758,242.0,242.0,418.0,210.0,364.0,232.0,364.0,232.0,,-86,8341960
3.2923,2019-09-08 18:44:40.406642,188.0,240.0,242.0,210.0,364.0,178.0,218.0,178.0,,-86,8342441
3.3212,2019-09-08 18:44:40.428374,418.0,210.0,418.0,242.0,364.0,232.0,218.0,232.0,,-86,8342008
3.3429,2019-09-08 18:44:40.455932,186.0,240.0,418.0,188.0,366.0,180.0,366.0,232.0,,-86,8341866
3.3705,2019-09-08 18:44:40.480808,188.0,208.0,210.0,210.0,218.0,232.0,218.0,232.0,,-86,8342731
3.3955,2019-09-08 18:44:40.504180,188.0,240.0,210.0,188.0,366.0,232.0,218.0,178.0,,-86,8342088
3.4187,2019-09-08 18:44:40.533216,240.0,188.0,208.0,208.0,366.0,232.0,218.0,218.0,,-86,8342091
3.4478,2019-09-08 18:44:40.554763,240.0,240.0,418.0,240.0,366.0,232.0,218.0,218.0,,-86,8341721
3.4693,2019-09-08 18:44:40.578748,240.0,210.0,188.0,188.0,366.0,232.0,218.0,218.0,,-86,8342254
3.4936,2019-09-08 18:44:40.613512,240.0,240.0,210.0,188.0,368.0,366.0,218.0,178.0,,-86,8341520
3.528,2019-09-08 18:44:40.635191,240.0,422.0,422.0,188.0,366.0,232.0,218.0,178.0,,-86,8342088
3.5498,2019-09-08 18:44:40.663218,240.0,188.0,208.0,240.0,218.0,178.0,230.0,232.0,,-86,8342434
3.5777,2019-09-08 18:44:40.776151,420.0,422.0,210.0,188.0,230.0,230.0,216.0,374.0,,-86,8341866
3.6907,2019-09-08 18:44:40.795452,422.0,420.0,210.0,240.0,374.0,216.0,178.0,374.0,,-86,8341915
3.71,2019-09-08 18:44:40.817395,210.0,240.0,422.0,210.0,230.0,216.0,178.0,374.0,,-86,8342337
3.7323,2019-09-08 18:44:40.848347,422.0,240.0,188.0,188.0,230.0,216.0,178.0,374.0,,-86,8341680
3.7629,2019-09-08 18:44:40.878755,188.0,240.0,422.0,422.0,230.0,216.0,374.0,218.0,,-86,8342814
3.7933,2019-09-08 18:44:40.890278,422.0,240.0,422.0,210.0,216.0,218.0,178.0,374.0,,-86,8341579
3.8049,2019-09-08 18:44:40.919743,210.0,188.0,188.0,240.0,230.0,180.0,374.0,374.0,,-86,8342929
3.8345,2019-09-08 18:44:40.937328,208.0,210.0,422.0,424.0,230.0,216.0,178.0,230.0,,-86,8341392
3.8518,2019-09-08 18:44:40.962745,238.0,208.0,424.0,208.0,230.0,216.0,178.0,230.0,,-86,8341479
3.8774,2019-09-08 18:44:40.985155,208.0,238.0,238.0,422.0,216.0,216.0,374.0,228.0,,-86,8342853
3.8997,2019-09-08 18:44:41.009225,208.0,188.0,238.0,188.0,216.0,216.0,178.0,178.0,,-86,8342946
3.9237,2019-09-08 18:44:41.033783,238.0,422.0,208.0,188.0,374.0,216.0,216.0,374.0,,-86,8342313
3.9487,2019-09-08 18:44:41.054952,238.0,238.0,208.0,208.0,228.0,228.0,178.0,214.0,,-86,8342918
3.9696,2019-09-08 18:44:41.077731,188.0,238.0,422.0,208.0,178.0,376.0,228.0,374.0,,-86,8341680
3.9924,2019-09-08 18:44:41.101542,238.0,238.0,422.0,208.0,178.0,376.0,228.0,216.0,,-86,8341766
4.0163,2019-09-08 18:44:41.156420,238.0,238.0,188.0,422.0,178.0,228.0,228.0,374.0,,-86,8342596
4.071,2019-09-08 18:44:41.185724,208.0,422.0,238.0,188.0,214.0,214.0,226.0,216.0,,-86,8342230
4.1003,2019-09-08 18:44:41.201245,238.0,188.0,238.0,208.0,214.0,178.0,374.0,228.0,,-86,8342316
4.1158,2019-09-08 18:44:41.226967,238.0,424.0,424.0,208.0,214.0,178.0,374.0,228.0,,-86,8341859
4.1415,2019-09-08 18:44:41.245848,238.0,426.0,426.0,208.0,214.0,214.0,178.0,228.0,,-86,8341745
4.1604,2019-09-08 18:44:41.270238,428.0,430.0,238.0,238.0,216.0,178.0,372.0,372.0,,-86,8342005
4.1848,2019-09-08 18:44:41.296213,238.0,210.0,238.0,436.0,178.0,178.0,370.0,216.0,,-86,8342185
4.2107,2019-09-08 18:44:41.320918,442.0,208.0,188.0,442.0,216.0,370.0,370.0,226.0,,-86,8342147
4.2354,2019-09-08 18:44:41.341951,210.0,444.0,210.0,188.0,228.0,370.0,370.0,214.0,,-86,8341769
4.2564,2019-09-08 18:44:41.365344,210.0,186.0,446.0,210.0,228.0,216.0,216.0,178.0,,-86,8342268
4.28,2019-09-08 18:44:41.390117,210.0,444.0,210.0,444.0,228.0,226.0,214.0,214.0,,-86,8342814
4.305,2019-09-08 18:44:41.414068,188.0,236.0,188.0,444.0,368.0,226.0,214.0,178.0,,-86,8341998
4.3287,2019-09-08 18:44:41.439440,442.0,236.0,186.0,236.0,226.0,226.0,216.0,366.0,,-86,8342226
4.3539,2019-09-08 18:44:41.464407,188.0,236.0,448.0,208.0,366.0,366.0,216.0,216.0,,-86,8341448
4.379,2019-09-08 18:44:41.494119,236.0,452.0,236.0,188.0,216.0,366.0,226.0,228.0,,-86,8342005
4.4087,2019-09-08 18:44:41.511139,186.0,236.0,188.0,186.0,228.0,216.0,366.0,366.0,,-86,8342306
4.4256,2019-09-08 18:44:41.538633,186.0,474.0,206.0,238.0,364.0,228.0,216.0,364.0,,-86,8342050
4.4531,2019-09-08 18:44:41.563749,490.0,208.0,186.0,206.0,364.0,228.0,216.0,178.0,,-86,8341264
4.4782,2019-09-08 18:44:41.583642,516.0,206.0,186.0,238.0,228.0,216.0,178.0,364.0,,-86,8342465
4.4981,2019-09-08 18:44:41.608302,188.0,238.0,238.0,554.0,228.0,216.0,178.0,364.0,,-86,8342738
4.5229,2019-09-08 18:44:41.646139,208.0,188.0,208.0,574.0,228.0,228.0,216.0,364.0,,-86,8341527
4.5608,2019-09-08 18:44:41.660401,186.0,236.0,208.0,208.0,216.0,178.0,362.0,364.0,,-86,8342032
4.5751,2019-09-08 18:44:41.777122,236.0,576.0,576.0,208.0,228.0,216.0,178.0,228.0,,-86,8341773
4.6918,2019-09-08 18:44:41.783594,490.0,204.0,472.0,204.0,354.0,232.0,178.0,180.0,,-86,8342060
4.698,2019-09-08 18:44:41.794091,186.0,186.0,398.0,200.0,218.0,218.0,352.0,230.0,,-86,8343392
4.7086,2019-09-08 18:44:41.818639,354.0,198.0,186.0,196.0,232.0,220.0,180.0,352.0,,-86,8342195
4.7331,2019-09-08 18:44:41.843976,214.0,306.0,196.0,196.0,352.0,352.0,180.0,352.0,,-86,8342320
4.7584,2019-09-08 18:44:41.866025,194.0,194.0,186.0,268.0,232.0,218.0,180.0,350.0,,-86,8342195
4.7805,2019-09-08 18:44:41.891153,256.0,194.0,186.0,248.0,232.0,220.0,178.0,232.0,,-86,8343039
4.8058,2019-09-08 18:44:41.918500,210.0,210.0,186.0,210.0,218.0,180.0,180.0,232.0,,-86,8342794
4.8331,2019-09-08 18:44:41.964053,234.0,192.0,232.0,192.0,220.0,178.0,350.0,350.0,,-86,8342237
4.8786,2019-09-08 18:44:41.972347,208.0,192.0,184.0,230.0,220.0,178.0,350.0,218.0,,-86,8342347
4.8869,2019-09-08 18:44:41.994100,192.0,230.0,230.0,230.0,220.0,350.0,232.0,232.0,,-86,8342680
4.9086,2019-09-08 18:44:42.018443,230.0,230.0,230.0,190.0,232.0,180.0,352.0,232.0,,-86,8342313
4.9333,2019-09-08 18:44:42.045086,184.0,204.0,204.0,184.0,218.0,178.0,350.0,180.0,,-86,8342707
4.9596,2019-09-08 18:44:42.068284,204.0,184.0,204.0,228.0,218.0,232.0,180.0,350.0,,-86,8341918
4.9833,2019-09-08 18:44:42.093011,190.0,184.0,204.0,228.0,220.0,180.0,220.0,180.0,,-86,8342704
5.0075,2019-09-08 18:44:42.118343,184.0,204.0,204.0,190.0,352.0,232.0,352.0,220.0,,-86,8342766
5.0329,2019-09-08 18:44:42.149361,228.0,190.0,184.0,190.0,180.0,350.0,232.0,218.0,,-86,8342205
5.0639,2019-09-08 18:44:42.168747,204.0,190.0,184.0,228.0,180.0,354.0,232.0,220.0,,-86,8342275
5.0834,2019-09-08 18:44:42.193317,190.0,184.0,204.0,228.0,180.0,356.0,232.0,220.0,,-86,8342167
5.1081,2019-09-08 18:44:42.216980,190.0,184.0,228.0,190.0,178.0,356.0,232.0,220.0,,-86,8342451
5.132,2019-09-08 18:44:42.245653,190.0,184.0,190.0,184.0,180.0,356.0,354.0,232.0,,-86,8343389
5.1602,2019-09-08 18:44:42.269388,190.0,228.0,190.0,190.0,180.0,354.0,232.0,354.0,,-86,8343295
5.1839,2019-09-08 18:44:42.295753,184.0,228.0,228.0,190.0,180.0,352.0,232.0,220.0,,-86,8343046
5.2102,2019-09-08 18:44:42.371332,184.0,204.0,184.0,204.0,224.0,232.0,222.0,222.0,,-85,8343417
5.2862,2019-09-08 18:44:42.391322,228.0,190.0,184.0,184.0,336.0,334.0,222.0,180.0,,-85,8343167
5.3063,2019-09-08 18:44:42.416952,204.0,190.0,184.0,228.0,332.0,232.0,222.0,180.0,,-85,8344181
5.3315,2019-09-08 18:44:42.437061,226.0,190.0,184.0,204.0,328.0,328.0,224.0,180.0,,-85,8344555
5.3516,2019-09-08 18:44:42.465060,184.0,190.0,184.0,204.0,326.0,232.0,224.0,180.0,,-85,8344700
5.3795,2019-09-08 18:44:42.484571,226.0,226.0,190.0,226.0,328.0,180.0,224.0,180.0,,-85,8345576
5.3991,2019-09-08 18:44:42.508777,226.0,226.0,192.0,226.0,330.0,234.0,224.0,332.0,,-85,8347313
5.4232,2019-09-08 18:44:42.589305,190.0,184.0,204.0,226.0,332.0,180.0,332.0,224.0,,-84,8353995
5.5039,2019-09-08 18:44:42.595686,192.0,184.0,204.0,226.0,180.0,340.0,180.0,178.0,,-84,8354451
5.5101,2019-09-08 18:44:42.605869,190.0,184.0,224.0,190.0,180.0,226.0,238.0,226.0,,-84,8354873
5.5203,2019-09-08 18:44:42.630231,190.0,190.0,226.0,224.0,240.0,180.0,180.0,240.0,,-84,8356521
5.5449,2019-09-08 18:44:42.659185,204.0,184.0,204.0,204.0,242.0,232.0,180.0,340.0,,-84,8358514
5.574,2019-09-08 18:44:42.679587,204.0,184.0,190.0,190.0,340.0,242.0,234.0,336.0,,-84,8358185
5.5945,2019-09-08 18:44:42.703737,190.0,184.0,204.0,192.0,234.0,180.0,330.0,242.0,,-84,8358223
5.6186,2019-09-08 18:44:42.728358,204.0,184.0,224.0,190.0,234.0,180.0,316.0,240.0,,-83,8357462
5.6431,2019-09-08 18:44:42.756432,224.0,204.0,190.0,184.0,230.0,180.0,294.0,236.0,,-83,8357351
5.6712,2019-09-08 18:44:42.777637,184.0,204.0,190.0,224.0,226.0,276.0,232.0,222.0,,-82,8354725
5.6925,2019-09-08 18:44:42.800482,184.0,204.0,224.0,190.0,178.0,178.0,244.0,220.0,,-80,8353085
5.7155,2019-09-08 18:44:42.826491,222.0,190.0,184.0,204.0,232.0,178.0,208.0,176.0,,-78,8351399
5.7413,2019-09-08 18:44:42.851146,222.0,190.0,222.0,204.0,206.0,176.0,204.0,200.0,,-74,8348469
5.7659,2019-09-08 18:44:42.878123,204.0,190.0,222.0,222.0,198.0,200.0,176.0,202.0,,-72,8346943
5.7932,2019-09-08 18:44:42.900320,222.0,204.0,184.0,190.0,176.0,200.0,188.0,194.0,,-69,8346538
5.8153,2019-09-08 18:44:42.927232,204.0,222.0,222.0,190.0,176.0,186.0,184.0,190.0,,-67,8345098
5.842,2019-09-08 18:44:43.021089,184.0,190.0,184.0,204.0,194.0,182.0,188.0,176.0,,-68,8343032
5.936,2019-09-08 18:44:43.037592,222.0,190.0,184.0,222.0,190.0,182.0,188.0,176.0,,-69,8342704
5.9523,2019-09-08 18:44:43.095608,204.0,190.0,184.0,204.0,188.0,182.0,188.0,176.0,,-73,8342683
6.0104,2019-09-08 18:44:43.103470,204.0,190.0,192.0,204.0,188.0,176.0,176.0,188.0,,-73,8342527
6.0183,2019-09-08 18:44:43.112855,204.0,190.0,184.0,222.0,188.0,182.0,188.0,176.0,,-74,8341780
6.0276,2019-09-08 18:44:43.211034,190.0,192.0,204.0,204.0,176.0,190.0,176.0,190.0,,-76,8341898
6.1258,2019-09-08 18:44:43.233090,190.0,184.0,206.0,204.0,182.0,188.0,176.0,190.0,,-77,8341873
6.1479,2019-09-08 18:44:43.255071,338.0,348.0,356.0,192.0,176.0,176.0,176.0,192.0,,-77,8341783
6.1699,2019-09-08 18:44:43.280982,184.0,208.0,418.0,192.0,190.0,176.0,188.0,176.0,,-77,8341766
6.1958,2019-09-08 18:44:43.303912,208.0,184.0,184.0,210.0,188.0,176.0,202.0,182.0,,-77,8342652
6.2187,2019-09-08 18:44:43.328090,186.0,192.0,192.0,208.0,188.0,176.0,218.0,180.0,,-76,8342901
6.2428,2019-09-08 18:44:43.377221,184.0,210.0,192.0,184.0,188.0,176.0,256.0,176.0,,-75,8342192
6.292,2019-09-08 18:44:43.407214,192.0,186.0,212.0,186.0,282.0,182.0,190.0,190.0,,-74,8341683
6.3221,2019-09-08 18:44:43.413931,192.0,214.0,186.0,186.0,190.0,188.0,184.0,188.0,,-74,8342586
6.3289,2019-09-08 18:44:43.434366,192.0,690.0,186.0,214.0,176.0,188.0,176.0,428.0,,-73,8341441
6.3493,2019-09-08 18:44:43.459416,192.0,186.0,702.0,192.0,186.0,444.0,176.0,462.0,,-73,8341946
6.3742,2019-09-08 18:44:43.486003,212.0,192.0,186.0,214.0,190.0,482.0,176.0,188.0,,-73,8341583
6.401,2019-09-08 18:44:43.513397,724.0,728.0,192.0,732.0,176.0,526.0,190.0,188.0,,-73,8341510
6.4283,2019-09-08 18:44:43.537385,184.0,746.0,192.0,186.0,176.0,570.0,190.0,190.0,,-74,8343379
6.4522,2019-09-08 18:44:43.563800,192.0,186.0,214.0,750.0,176.0,608.0,192.0,190.0,,-74,8342683
6.4786,2019-09-08 18:44:43.603203,212.0,750.0,192.0,186.0,176.0,682.0,194.0,194.0,,-75,8342565
6.5181,2019-09-08 18:44:43.624300,214.0,212.0,190.0,186.0,192.0,194.0,192.0,176.0,,-75,8341645
6.5391,2019-09-08 18:44:43.644320,212.0,748.0,192.0,192.0,192.0,196.0,700.0,176.0,,-76,8342247
6.5591,2019-09-08 18:44:43.667804,190.0,186.0,184.0,214.0,196.0,196.0,690.0,196.0,,-76,8342257
6.5823,2019-09-08 18:44:43.696750,744.0,192.0,186.0,214.0,686.0,194.0,194.0,678.0,,-77,8342621
6.6112,2019-09-08 18:44:43.719225,190.0,192.0,214.0,214.0,676.0,194.0,176.0,670.0,,-77,8342309
6.634,2019-09-08 18:44:43.749634,192.0,192.0,218.0,192.0,670.0,200.0,194.0,176.0,,-79,8342693
6.6645,2019-09-08 18:44:43.770723,218.0,192.0,186.0,218.0,200.0,660.0,202.0,198.0,,-79,8341925
6.6855,2019-09-08 18:44:43.797278,184.0,734.0,192.0,732.0,202.0,648.0,204.0,200.0,,-80,8341669
6.712,2019-09-08 18:44:43.820193,226.0,226.0,194.0,186.0,206.0,200.0,206.0,598.0,,-80,8342250
6.7351,2019-09-08 18:44:43.842701,186.0,230.0,196.0,186.0,176.0,202.0,204.0,504.0,,-80,8341915
6.7575,2019-09-08 18:44:43.952707,712.0,200.0,708.0,202.0,198.0,176.0,296.0,272.0,,-72,8341953
6.8675,2019-09-08 18:44:43.959317,214.0,186.0,252.0,658.0,188.0,204.0,202.0,186.0,,-68,8341545
6.8741,2019-09-08 18:44:43.983510,218.0,630.0,220.0,188.0,200.0,176.0,198.0,182.0,,-64,8341423
6.8983,2019-09-08 18:44:44.088043,188.0,274.0,188.0,556.0,198.0,176.0,196.0,182.0,,-54,8342790
7.0029,2019-09-08 18:44:44.094854,308.0,252.0,308.0,234.0,188.0,192.0,188.0,188.0,,-51,8343610
7.0096,2019-09-08 18:44:44.122143,228.0,244.0,192.0,226.0,176.0,176.0,192.0,188.0,,-50,8343669
7.0366,2019-09-08 18:44:44.146865,258.0,220.0,218.0,218.0,190.0,180.0,188.0,188.0,,-50,8344171
7.0616,2019-09-08 18:44:44.266342,192.0,226.0,218.0,196.0,190.0,190.0,180.0,188.0,,-51,8346860
7.1811,2019-09-08 18:44:44.272961,184.0,184.0,192.0,186.0,188.0,186.0,188.0,176.0,,-55,8350174
7.1877,2019-09-08 18:44:44.291115,184.0,206.0,214.0,190.0,186.0,186.0,182.0,188.0,,-56,8349977
7.2059,2019-09-08 18:44:44.401494,206.0,214.0,214.0,184.0,176.0,186.0,182.0,188.0,,-59,8346572
7.3162,2019-09-08 18:44:44.408176,214.0,190.0,214.0,214.0,188.0,182.0,190.0,176.0,,-64,8341939
7.3229,2019-09-08 18:44:44.431639,206.0,212.0,204.0,184.0,188.0,188.0,188.0,176.0,,-65,8343555
7.3461,2019-09-08 18:44:44.533071,204.0,184.0,204.0,186.0,182.0,190.0,176.0,208.0,,-65,8343351
7.4476,2019-09-08 18:44:44.539513,190.0,204.0,212.0,192.0,226.0,190.0,176.0,250.0,,-64,8345475
7.4546,2019-09-08 18:44:44.552568,204.0,210.0,192.0,192.0,200.0,196.0,198.0,202.0,,-64,8345109
7.4675,2019-09-08 18:44:44.574200,204.0,184.0,206.0,192.0,204.0,206.0,220.0,220.0,,-64,8345690
7.4889,2019-09-08 18:44:44.609748,186.0,204.0,192.0,192.0,224.0,218.0,178.0,384.0,,-66,8348915
7.5249,2019-09-08 18:44:44.637364,210.0,210.0,190.0,214.0,180.0,228.0,180.0,422.0,,-67,8352922
7.5519,2019-09-08 18:44:44.645071,184.0,192.0,220.0,206.0,234.0,240.0,234.0,452.0,,-68,8353856
7.5599,2019-09-08 18:44:44.670870,186.0,206.0,254.0,190.0,252.0,182.0,470.0,236.0,,-69,8362116
7.5856,2019-09-08 18:44:44.691980,184.0,312.0,190.0,328.0,268.0,238.0,278.0,182.0,,-69,8363247
7.6069,2019-09-08 18:44:44.717627,192.0,190.0,186.0,186.0,286.0,184.0,294.0,184.0,,-70,8361465
7.6326,2019-09-08 18:44:44.740843,208.0,208.0,208.0,192.0,302.0,242.0,310.0,186.0,,-71,8364427
7.6557,2019-09-08 18:44:44.771084,530.0,192.0,192.0,186.0,186.0,244.0,324.0,246.0,,-73,8368756
7.6859,2019-09-08 18:44:44.792014,188.0,590.0,226.0,604.0,330.0,250.0,338.0,190.0,,-74,8367067
7.7069,2019-09-08 18:44:44.819167,626.0,190.0,230.0,230.0,348.0,364.0,264.0,362.0,,-75,8366901
7.734,2019-09-08 18:44:44.840434,204.0,204.0,192.0,232.0,194.0,328.0,274.0,198.0,,-76,8366102
7.7554,2019-09-08 18:44:44.881421,236.0,194.0,236.0,208.0,282.0,202.0,284.0,292.0,,-77,8361413
7.7962,2019-09-08 18:44:44.928410,208.0,210.0,240.0,242.0,310.0,234.0,224.0,222.0,,-78,8358929
7.8435,2019-09-08 18:44:45.003062,554.0,194.0,538.0,212.0,198.0,320.0,512.0,268.0,,-79,8357472
7.9179,2019-09-08 18:44:45.019127,262.0,216.0,218.0,272.0,192.0,314.0,514.0,280.0,,-79,8355566
7.9339,2019-09-08 18:44:45.043503,220.0,192.0,222.0,194.0,190.0,288.0,506.0,304.0,,-78,8353040
7.9583,2019-09-08 18:44:45.069502,478.0,474.0,230.0,194.0,496.0,298.0,182.0,304.0,,-77,8350905
7.9843,2019-09-08 18:44:45.090145,196.0,302.0,238.0,196.0,308.0,180.0,282.0,434.0,,-75,8349244
8.0051,2019-09-08 18:44:45.117714,198.0,396.0,390.0,198.0,420.0,318.0,178.0,260.0,,-74,8348296
8.0325,2019-09-08 18:44:45.161686,330.0,358.0,256.0,200.0,372.0,322.0,178.0,334.0,,-69,8343911
8.0767,2019-09-08 18:44:45.168525,326.0,320.0,270.0,304.0,316.0,318.0,224.0,220.0,,-67,8343385
8.0833,2019-09-08 18:44:45.191160,380.0,384.0,288.0,210.0,260.0,292.0,178.0,204.0,,-61,8343662
8.1059,2019-09-08 18:44:45.215635,298.0,240.0,304.0,214.0,200.0,214.0,226.0,178.0,,-54,8345133
8.1304,2019-09-08 18:44:45.239132,312.0,226.0,426.0,224.0,192.0,202.0,192.0,180.0,,-46,8345071
8.1539,2019-09-08 18:44:45.260706,432.0,220.0,220.0,322.0,188.0,194.0,178.0,182.0,,-38,8344375
8.1755,2019-09-08 18:44:45.287974,424.0,234.0,218.0,312.0,182.0,190.0,176.0,182.0,,-30,8343887
8.2028,2019-09-08 18:44:45.312361,216.0,214.0,282.0,236.0,182.0,182.0,190.0,180.0,,-26,8344351
8.2273,2019-09-08 18:44:45.338503,212.0,310.0,230.0,210.0,182.0,180.0,190.0,180.0,,-23,8343026
8.2533,2019-09-08 18:44:45.363796,218.0,254.0,210.0,246.0,176.0,176.0,182.0,188.0,,-22,8342908
8.2786,2019-09-08 18:44:45.389005,230.0,208.0,196.0,192.0,188.0,176.0,182.0,180.0,,-21,8343008
8.3035,2019-09-08 18:44:45.418524,214.0,208.0,192.0,210.0,188.0,182.0,182.0,188.0,,-21,8346821
8.3333,2019-09-08 18:44:45.440264,210.0,190.0,184.0,210.0,176.0,182.0,182.0,180.0,,-23,8347372
8.3553,2019-09-08 18:44:45.466665,208.0,186.0,190.0,186.0,188.0,176.0,180.0,180.0,,-25,8346469
8.3814,2019-09-08 18:44:45.498901,208.0,192.0,184.0,206.0,178.0,182.0,180.0,180.0,,-29,8345562
8.4137,2019-09-08 18:44:45.512633,206.0,206.0,186.0,206.0,188.0,182.0,180.0,188.0,,-33,8345759
8.4276,2019-09-08 18:44:45.540634,204.0,192.0,184.0,190.0,188.0,176.0,180.0,188.0,,-37,8345306
8.4554,2019-09-08 18:44:45.563959,210.0,210.0,190.0,184.0,182.0,188.0,176.0,182.0,,-42,8344133
8.4787,2019-09-08 18:44:45.590006,184.0,206.0,190.0,204.0,188.0,176.0,182.0,182.0,,-49,8342835
8.5046,2019-09-08 18:44:45.617040,210.0,210.0,190.0,190.0,182.0,188.0,176.0,182.0,,-53,8343939
8.5318,2019-09-08 18:44:45.641057,210.0,210.0,192.0,206.0,176.0,182.0,188.0,182.0,,-58,8344728
8.5558,2019-09-08 18:44:45.664602,210.0,210.0,192.0,190.0,176.0,182.0,188.0,176.0,,-61,8343583
8.5794,2019-09-08 18:44:45.688377,184.0,190.0,184.0,184.0,176.0,182.0,180.0,190.0,,-65,8342891
8.6032,2019-09-08 18:44:45.715331,184.0,204.0,190.0,204.0,176.0,184.0,182.0,188.0,,-68,8343984
8.6301,2019-09-08 18:44:45.745735,208.0,206.0,208.0,190.0,182.0,176.0,176.0,188.0,,-70,8345327
8.6605,2019-09-08 18:44:45.765779,208.0,208.0,192.0,186.0,190.0,176.0,190.0,182.0,,-71,8345147
8.6805,2019-09-08 18:44:45.789468,206.0,186.0,206.0,192.0,190.0,190.0,176.0,200.0,,-72,8344742
8.7043,2019-09-08 18:44:45.811405,192.0,208.0,204.0,208.0,182.0,176.0,224.0,182.0,,-72,8345583
8.7262,2019-09-08 18:44:45.838038,186.0,206.0,192.0,192.0,256.0,180.0,190.0,178.0,,-72,8343562
8.7528,2019-09-08 18:44:45.864536,192.0,186.0,206.0,222.0,362.0,182.0,190.0,178.0,,-72,8343423
8.7793,2019-09-08 18:44:45.890803,204.0,192.0,190.0,192.0,478.0,188.0,190.0,522.0,,-71,8344815
8.8056,2019-09-08 18:44:45.915724,184.0,324.0,192.0,350.0,192.0,190.0,176.0,540.0,,-71,8342835
8.8305,2019-09-08 18:44:45.940632,186.0,406.0,192.0,186.0,190.0,176.0,554.0,202.0,,-71,8341942
8.8554,2019-09-08 18:44:45.965186,192.0,186.0,214.0,496.0,192.0,192.0,610.0,210.0,,-72,8342451
8.88,2019-09-08 18:44:45.999618,200.0,218.0,190.0,192.0,176.0,212.0,196.0,176.0,,-73,8343289
8.9147,2019-09-08 18:44:46.085435,240.0,240.0,554.0,246.0,218.0,220.0,222.0,198.0,,-75,8343621
9.0004,2019-09-08 18:44:46.110771,520.0,252.0,206.0,254.0,178.0,522.0,254.0,202.0,,-76,8343306
9.0259,2019-09-08 18:44:46.160742,464.0,444.0,212.0,212.0,204.0,178.0,470.0,272.0,,-78,8344548
9.0755,2019-09-08 18:44:46.207398,404.0,304.0,220.0,280.0,432.0,180.0,214.0,180.0,,-79,8342624
9.1223,2019-09-08 18:44:46.251853,286.0,330.0,230.0,300.0,400.0,306.0,228.0,312.0,,-80,8342939
9.1667,2019-09-08 18:44:46.276287,296.0,356.0,294.0,306.0,366.0,320.0,250.0,184.0,,-80,8343036
9.191,2019-09-08 18:44:46.290350,314.0,244.0,266.0,264.0,268.0,332.0,318.0,338.0,,-80,8343462
9.2053,2019-09-08 18:44:46.317272,386.0,248.0,392.0,254.0,312.0,190.0,284.0,348.0,,-81,8343773
9.2317,2019-09-08 18:44:46.348109,402.0,260.0,342.0,234.0,206.0,210.0,216.0,364.0,,-81,8344067
9.2629,2019-09-08 18:44:46.373962,348.0,230.0,230.0,420.0,448.0,200.0,368.0,368.0,,-82,8344112
9.2887,2019-09-08 18:44:46.398430,272.0,230.0,228.0,428.0,230.0,194.0,364.0,496.0,,-82,8344372
9.3132,2019-09-08 18:44:46.421046,358.0,226.0,358.0,226.0,246.0,190.0,356.0,508.0,,-82,8343534
9.3355,2019-09-08 18:44:46.454575,224.0,434.0,224.0,432.0,348.0,510.0,510.0,508.0,,-81,8344337
9.3694,2019-09-08 18:44:46.471694,350.0,420.0,296.0,346.0,332.0,502.0,320.0,490.0,,-80,8343707
9.3865,2019-09-08 18:44:46.496369,298.0,380.0,374.0,332.0,306.0,180.0,290.0,456.0,,-79,8344133
9.4111,2019-09-08 18:44:46.521865,212.0,212.0,320.0,212.0,294.0,178.0,416.0,298.0,,-75,8343520
9.4367,2019-09-08 18:44:46.543791,210.0,262.0,274.0,270.0,178.0,248.0,358.0,296.0,,-74,8345143
9.4586,2019-09-08 18:44:46.568285,250.0,244.0,242.0,208.0,178.0,226.0,288.0,274.0,,-71,8345565
9.4831,2019-09-08 18:44:46.592074,208.0,226.0,206.0,208.0,178.0,210.0,236.0,232.0,,-66,8346690
9.5069,2019-09-08 18:44:46.618124,208.0,194.0,186.0,208.0,178.0,216.0,208.0,178.0,,-60,8347469
9.5329,2019-09-08 18:44:46.642946,208.0,208.0,186.0,208.0,194.0,202.0,180.0,190.0,,-53,8349773
9.5577,2019-09-08 18:44:46.673498,190.0,208.0,192.0,192.0,182.0,186.0,192.0,184.0,,-44,8349738
9.588,2019-09-08 18:44:46.692624,206.0,210.0,192.0,186.0,182.0,184.0,190.0,176.0,,-36,8349084
9.6071,2019-09-08 18:44:46.719097,184.0,208.0,210.0,184.0,182.0,184.0,176.0,176.0,,-27,8350493
9.6339,2019-09-08 18:44:46.742709,204.0,186.0,210.0,184.0,182.0,188.0,182.0,188.0,,-23,8350444
9.6575,2019-09-08 18:44:46.769165,204.0,204.0,190.0,210.0,176.0,182.0,180.0,188.0,,-21,8347444
9.6839,2019-09-08 18:44:46.795034,186.0,210.0,184.0,190.0,176.0,182.0,180.0,188.0,,-21,8344853
9.7098,2019-09-08 18:44:46.820617,184.0,204.0,190.0,190.0,176.0,182.0,180.0,188.0,,-22,8343178
9.7354,2019-09-08 18:44:46.843137,204.0,190.0,190.0,210.0,180.0,182.0,178.0,184.0,,-24,8343195
9.7579,2019-09-08 18:44:46.870178,204.0,210.0,190.0,186.0,188.0,178.0,182.0,180.0,,-28,8344157
9.7851,2019-09-08 18:44:46.892133,184.0,210.0,190.0,210.0,180.0,188.0,178.0,184.0,,-30,8344804
9.807,2019-09-08 18:44:46.916719,184.0,204.0,190.0,184.0,188.0,178.0,184.0,182.0,,-35,8344690
9.8315,2019-09-08 18:44:46.943205,204.0,210.0,184.0,204.0,188.0,176.0,182.0,182.0,,-43,8343406
9.8579,2019-09-08 18:44:46.974591,184.0,204.0,184.0,210.0,182.0,184.0,188.0,188.0,,-49,8343863
9.8894,2019-09-08 18:44:47.001045,204.0,208.0,184.0,204.0,176.0,184.0,182.0,184.0,,-57,8344109
9.9158,2019-09-08 18:44:47.043487,208.0,190.0,186.0,186.0,190.0,176.0,182.0,184.0,,-64,8343770
9.9583,2019-09-08 18:44:47.061584,206.0,204.0,192.0,184.0,176.0,176.0,182.0,190.0,,-68,8344375
9.9765,2019-09-08 18:44:47.079608,206.0,206.0,208.0,192.0,188.0,184.0,190.0,176.0,,-69,8343932
9.9944,2019-09-08 18:44:47.095285,192.0,192.0,186.0,206.0,188.0,176.0,184.0,184.0,,-72,8343285
10.0101,2019-09-08 18:44:47.120762,184.0,184.0,206.0,184.0,182.0,182.0,176.0,182.0,,-74,8343655
10.0357,2019-09-08 18:44:47.147330,206.0,192.0,260.0,184.0,176.0,182.0,182.0,188.0,,-75,8343842
10.0622,2019-09-08 18:44:47.169785,350.0,192.0,184.0,380.0,176.0,188.0,176.0,188.0,,-75,8343988
10.0847,2019-09-08 18:44:47.192426,184.0,210.0,184.0,510.0,176.0,188.0,176.0,252.0,,-75,8342219
10.1074,2019-09-08 18:44:47.223212,592.0,192.0,184.0,212.0,282.0,180.0,190.0,178.0,,-75,8342486
10.1382,2019-09-08 18:44:47.246580,212.0,668.0,192.0,192.0,178.0,182.0,190.0,178.0,,-75,8342223
10.1618,2019-09-08 18:44:47.271250,216.0,670.0,194.0,186.0,512.0,186.0,192.0,178.0,,-74,8341067
10.1863,2019-09-08 18:44:47.294397,222.0,672.0,672.0,672.0,188.0,192.0,178.0,190.0,,-74,8340700
10.2092,2019-09-08 18:44:47.319047,228.0,186.0,660.0,202.0,190.0,190.0,190.0,176.0,,-74,8340894
10.234,2019-09-08 18:44:47.352594,238.0,186.0,242.0,610.0,690.0,178.0,706.0,194.0,,-73,8341683
10.2674,2019-09-08 18:44:47.384063,188.0,254.0,254.0,256.0,738.0,200.0,188.0,746.0,,-73,8343029
10.2988,2019-09-08 18:44:47.436115,220.0,224.0,190.0,270.0,742.0,192.0,732.0,202.0,,-73,8343005
10.3511,2019-09-08 18:44:47.482570,192.0,192.0,192.0,294.0,202.0,194.0,204.0,198.0,,-74,8342510
10.3975,2019-09-08 18:44:47.521088,412.0,252.0,194.0,310.0,210.0,210.0,176.0,622.0,,-76,8342520
10.4359,2019-09-08 18:44:47.543399,370.0,366.0,364.0,262.0,212.0,176.0,596.0,216.0,,-76,8342486
10.4582,2019-09-08 18:44:47.564562,326.0,268.0,196.0,270.0,176.0,572.0,564.0,258.0,,-77,8342787
10.4793,2019-09-08 18:44:47.589100,278.0,198.0,344.0,200.0,268.0,178.0,522.0,234.0,,-78,8342721
10.5039,2019-09-08 18:44:47.616062,296.0,204.0,302.0,206.0,496.0,242.0,322.0,450.0,,-79,8341866
10.5308,2019-09-08 18:44:47.641232,378.0,252.0,322.0,388.0,346.0,188.0,256.0,260.0,,-79,8342403
10.556,2019-09-08 18:44:47.664275,218.0,400.0,342.0,222.0,370.0,264.0,406.0,196.0,,-79,8343185
10.579,2019-09-08 18:44:47.689094,230.0,360.0,364.0,366.0,316.0,274.0,444.0,204.0,,-79,8342154
10.6039,2019-09-08 18:44:47.714035,240.0,432.0,226.0,374.0,274.0,282.0,286.0,216.0,,-79,8342330
10.6288,2019-09-08 18:44:47.744430,436.0,376.0,376.0,258.0,218.0,292.0,524.0,228.0,,-80,8343046
10.6592,2019-09-08 18:44:47.765271,430.0,220.0,268.0,218.0,232.0,204.0,294.0,558.0,,-80,8342365
10.6801,2019-09-08 18:44:47.790795,406.0,216.0,354.0,280.0,292.0,252.0,196.0,260.0,,-80,8343077
10.7056,2019-09-08 18:44:47.815208,328.0,284.0,356.0,284.0,194.0,268.0,192.0,282.0,,-79,8342987
10.73,2019-09-08 18:44:47.842553,278.0,210.0,302.0,276.0,188.0,188.0,274.0,286.0,,-77,8343752
10.7574,2019-09-08 18:44:47.897835,260.0,264.0,208.0,208.0,178.0,178.0,178.0,324.0,,-71,8344572
10.8128,2019-09-08 18:44:47.914858,222.0,232.0,210.0,226.0,218.0,278.0,274.0,178.0,,-69,8344628
10.8301,2019-09-08 18:44:47.938031,192.0,212.0,188.0,210.0,178.0,224.0,218.0,212.0,,-63,8345351
10.8525,2019-09-08 18:44:47.961737,186.0,208.0,190.0,206.0,178.0,194.0,202.0,180.0,,-53,8345759
10.8765,2019-09-08 18:44:47.993820,186.0,206.0,208.0,190.0,180.0,188.0,192.0,180.0,,-42,8347787
10.9083,2019-09-08 18:44:48.009035,208.0,204.0,184.0,204.0,184.0,186.0,190.0,176.0,,-33,8348763
10.9242,2019-09-08 18:44:48.031372,208.0,190.0,204.0,190.0,180.0,184.0,188.0,176.0,,-27,8349116
10.9458,2019-09-08 18:44:48.055813,184.0,184.0,190.0,192.0,176.0,176.0,182.0,182.0,,-22,8348600
10.9703,2019-09-08 18:44:48.081487,190.0,184.0,208.0,204.0,188.0,178.0,182.0,182.0,,-20,8349572
10.996,2019-09-08 18:44:48.104244,184.0,204.0,210.0,190.0,188.0,180.0,188.0,188.0,,-20,8348662
11.019,2019-09-08 18:44:48.127693,204.0,190.0,184.0,210.0,188.0,176.0,182.0,188.0,,-21,8347098
11.0425,2019-09-08 18:44:48.153470,204.0,190.0,192.0,190.0,188.0,182.0,178.0,188.0,,-23,8344365
11.068,2019-09-08 18:44:48.185309,184.0,204.0,190.0,184.0,180.0,180.0,176.0,182.0,,-27,8342998
11.1001,2019-09-08 18:44:48.202711,204.0,190.0,210.0,190.0,182.0,188.0,188.0,182.0,,-31,8343219
11.1175,2019-09-08 18:44:48.226163,208.0,204.0,208.0,208.0,178.0,182.0,182.0,188.0,,-36,8344759
11.1406,2019-09-08 18:44:48.250738,184.0,204.0,208.0,208.0,176.0,182.0,188.0,188.0,,-42,8345444
11.1656,2019-09-08 18:44:48.272613,184.0,204.0,192.0,184.0,188.0,180.0,180.0,184.0,,-48,8345316
11.1874,2019-09-08 18:44:48.297278,192.0,204.0,208.0,192.0,176.0,176.0,184.0,184.0,,-53,8342641
11.212,2019-09-08 18:44:48.320279,186.0,204.0,208.0,184.0,176.0,182.0,184.0,188.0,,-61,8343261
11.2352,2019-09-08 18:44:48.346118,208.0,190.0,206.0,208.0,176.0,182.0,184.0,176.0,,-67,8343641
11.261,2019-09-08 18:44:48.369783,208.0,186.0,206.0,192.0,180.0,184.0,188.0,176.0,,-70,8343230
11.2846,2019-09-08 18:44:48.395723,186.0,206.0,212.0,192.0,184.0,188.0,176.0,184.0,,-73,8343091
11.3106,2019-09-08 18:44:48.419339,186.0,234.0,242.0,250.0,184.0,184.0,184.0,190.0,,-76,8344178
11.3341,2019-09-08 18:44:48.444521,184.0,332.0,348.0,184.0,190.0,192.0,190.0,176.0,,-76,8345801
11.3595,2019-09-08 18:44:48.469684,206.0,184.0,448.0,190.0,210.0,182.0,190.0,176.0,,-76,8342714
11.3846,2019-09-08 18:44:48.496638,192.0,184.0,192.0,632.0,182.0,190.0,176.0,182.0,,-76,8341939
11.4114,2019-09-08 18:44:48.520759,186.0,192.0,214.0,214.0,178.0,478.0,184.0,190.0,,-75,8342448
11.4355,2019-09-08 18:44:48.542959,186.0,218.0,700.0,220.0,188.0,176.0,188.0,188.0,,-74,8342046
11.4577,2019-09-08 18:44:48.567354,222.0,222.0,702.0,222.0,176.0,176.0,622.0,200.0,,-73,8341126
11.4823,2019-09-08 18:44:48.601482,694.0,224.0,224.0,686.0,190.0,210.0,192.0,176.0,,-72,8341289
11.5164,2019-09-08 18:44:48.620197,186.0,226.0,202.0,186.0,594.0,226.0,212.0,178.0,,-71,8342043
11.5355,2019-09-08 18:44:48.644506,186.0,228.0,642.0,202.0,234.0,228.0,178.0,582.0,,-71,8342181
11.5593,2019-09-08 18:44:48.668212,230.0,628.0,624.0,188.0,240.0,178.0,578.0,234.0,,-72,8342524
11.583,2019-09-08 18:44:48.743280,188.0,594.0,214.0,188.0,512.0,238.0,238.0,288.0,,-74,8343545
11.6581,2019-09-08 18:44:48.754575,220.0,544.0,260.0,190.0,180.0,472.0,296.0,182.0,,-75,8343569
11.6694,2019-09-08 18:44:48.883651,504.0,232.0,232.0,192.0,338.0,388.0,396.0,306.0,,-82,8342157
11.7984,2019-09-08 18:44:48.900680,270.0,296.0,208.0,258.0,200.0,284.0,290.0,268.0,,-82,8342562
11.8155,2019-09-08 18:44:48.923767,244.0,308.0,390.0,396.0,450.0,210.0,304.0,232.0,,-82,8342195
11.8387,2019-09-08 18:44:48.949294,232.0,322.0,324.0,326.0,218.0,214.0,318.0,230.0,,-82,8342385
11.8642,2019-09-08 18:44:48.972918,228.0,336.0,338.0,340.0,232.0,198.0,324.0,540.0,,-83,8343614
11.8877,2019-09-08 18:44:48.996813,436.0,436.0,242.0,222.0,250.0,548.0,192.0,190.0,,-83,8342462
11.9116,2019-09-08 18:44:49.023290,252.0,442.0,358.0,358.0,552.0,188.0,188.0,308.0,,-83,8342552
11.9378,2019-09-08 18:44:49.047094,438.0,266.0,436.0,356.0,544.0,284.0,532.0,292.0,,-82,8343693
11.9616,2019-09-08 18:44:49.072642,420.0,346.0,278.0,410.0,180.0,292.0,484.0,468.0,,-79,8343396
11.9871,2019-09-08 18:44:49.096845,214.0,310.0,214.0,298.0,304.0,178.0,272.0,310.0,,-77,8343112
12.0113,2019-09-08 18:44:49.117427,340.0,262.0,276.0,210.0,260.0,360.0,310.0,178.0,,-74,8344102
12.0319,2019-09-08 18:44:49.141645,230.0,208.0,222.0,238.0,236.0,280.0,260.0,270.0,,-70,8343399
12.0561,2019-09-08 18:44:49.166271,206.0,238.0,204.0,206.0,236.0,228.0,228.0,204.0,,-65,8344185
12.0808,2019-09-08 18:44:49.189779,194.0,196.0,190.0,210.0,178.0,178.0,178.0,202.0,,-55,8343891
12.1043,2019-09-08 18:44:49.216141,208.0,206.0,206.0,208.0,178.0,180.0,188.0,190.0,,-43,8343991
12.131,2019-09-08 18:44:49.237673,190.0,186.0,186.0,206.0,178.0,180.0,184.0,190.0,,-34,8343486
12.1526,2019-09-08 18:44:49.261537,208.0,206.0,192.0,208.0,176.0,182.0,176.0,180.0,,-26,8342735
12.1761,2019-09-08 18:44:49.285313,186.0,186.0,204.0,208.0,180.0,188.0,176.0,180.0,,-21,8343140
12.2013,2019-09-08 18:44:49.316635,186.0,184.0,202.0,208.0,180.0,188.0,176.0,188.0,,-17,8342257
12.2315,2019-09-08 18:44:49.335254,186.0,208.0,208.0,190.0,188.0,188.0,182.0,188.0,,-17,8342427
12.2501,2019-09-08 18:44:49.358282,184.0,204.0,190.0,184.0,188.0,176.0,182.0,180.0,,-18,8342240
12.2731,2019-09-08 18:44:49.382346,204.0,204.0,208.0,190.0,176.0,182.0,180.0,188.0,,-20,8342863
12.298,2019-09-08 18:44:49.403939,204.0,190.0,208.0,184.0,182.0,188.0,188.0,176.0,,-23,8342697
12.3193,2019-09-08 18:44:49.429955,208.0,208.0,184.0,184.0,188.0,176.0,182.0,182.0,,-26,8343195
12.3454,2019-09-08 18:44:49.515992,208.0,204.0,190.0,208.0,182.0,182.0,182.0,188.0,,-45,8343780
12.4305,2019-09-08 18:44:49.533380,186.0,204.0,204.0,208.0,176.0,182.0,182.0,188.0,,-52,8345001
12.4479,2019-09-08 18:44:49.579082,190.0,208.0,184.0,204.0,182.0,188.0,176.0,184.0,,-65,8344565
12.4938,2019-09-08 18:44:49.599328,208.0,204.0,190.0,184.0,174.0,184.0,182.0,188.0,,-70,8345801
12.5139,2019-09-08 18:44:49.627576,208.0,186.0,208.0,192.0,182.0,190.0,186.0,186.0,,-76,8344071
12.5427,2019-09-08 18:44:49.646445,192.0,186.0,208.0,192.0,184.0,188.0,188.0,188.0,,-78,8344569
12.5612,2019-09-08 18:44:49.670414,184.0,184.0,204.0,188.0,176.0,182.0,190.0,176.0,,-79,8345334
12.5853,2019-09-08 18:44:49.695807,192.0,204.0,190.0,190.0,218.0,182.0,190.0,176.0,,-78,8345050
12.6106,2019-09-08 18:44:49.726604,184.0,406.0,190.0,442.0,176.0,180.0,358.0,176.0,,-76,8341282
12.6414,2019-09-08 18:44:49.745599,186.0,210.0,186.0,600.0,190.0,176.0,454.0,484.0,,-75,8341216
12.6605,2019-09-08 18:44:49.771351,210.0,700.0,192.0,210.0,186.0,188.0,176.0,534.0,,-74,8340939
12.6861,2019-09-08 18:44:49.793129,740.0,192.0,192.0,188.0,192.0,194.0,190.0,176.0,,-73,8340119
12.708,2019-09-08 18:44:49.816135,216.0,192.0,192.0,740.0,566.0,206.0,202.0,176.0,,-72,8340859
12.7309,2019-09-08 18:44:49.841102,738.0,738.0,218.0,734.0,598.0,216.0,176.0,176.0,,-71,8342434
12.756,2019-09-08 18:44:49.865903,194.0,724.0,190.0,714.0,614.0,612.0,214.0,608.0,,-71,8342119
12.7807,2019-09-08 18:44:49.907704,190.0,226.0,664.0,636.0,178.0,598.0,180.0,588.0,,-71,8343794
12.8222,2019-09-08 18:44:49.931043,234.0,204.0,204.0,192.0,180.0,574.0,218.0,296.0,,-71,8344704
12.8459,2019-09-08 18:44:49.970403,596.0,192.0,194.0,248.0,306.0,308.0,182.0,512.0,,-73,8343451
12.8853,2019-09-08 18:44:50.042951,546.0,260.0,512.0,236.0,424.0,220.0,406.0,220.0,,-76,8344552
12.9577,2019-09-08 18:44:50.063486,246.0,252.0,204.0,206.0,380.0,196.0,390.0,198.0,,-77,8343067
12.9783,2019-09-08 18:44:50.086357,208.0,302.0,210.0,376.0,364.0,202.0,346.0,206.0,,-78,8343064
13.0012,2019-09-08 18:44:50.107454,342.0,302.0,216.0,322.0,436.0,212.0,452.0,460.0,,-79,8342472
13.0222,2019-09-08 18:44:50.138218,296.0,226.0,340.0,334.0,290.0,282.0,486.0,494.0,,-80,8344766
13.0527,2019-09-08 18:44:50.156842,352.0,238.0,358.0,246.0,260.0,250.0,252.0,528.0,,-81,8345185
13.0718,2019-09-08 18:44:50.186335,250.0,372.0,374.0,234.0,538.0,218.0,258.0,260.0,,-81,8346787
13.1011,2019-09-08 18:44:50.208714,396.0,262.0,386.0,404.0,270.0,202.0,280.0,582.0,,-82,8346846
13.1235,2019-09-08 18:44:50.241619,412.0,274.0,276.0,278.0,292.0,196.0,258.0,588.0,,-82,8346008
13.1564,2019-09-08 18:44:50.294984,384.0,224.0,418.0,288.0,310.0,584.0,318.0,188.0,,-83,8345981
13.2095,2019-09-08 18:44:50.302511,370.0,220.0,390.0,218.0,182.0,236.0,506.0,180.0,,-80,8345808
13.217,2019-09-08 18:44:50.325162,288.0,352.0,334.0,284.0,180.0,178.0,218.0,350.0,,-77,8345230
13.2396,2019-09-08 18:44:50.351215,274.0,304.0,262.0,266.0,350.0,178.0,208.0,326.0,,-73,8344434
13.2659,2019-09-08 18:44:50.370464,230.0,238.0,252.0,248.0,332.0,178.0,264.0,292.0,,-69,8344181
13.285,2019-09-08 18:44:50.403660,206.0,228.0,202.0,224.0,234.0,258.0,180.0,188.0,,-58,8343673
13.3181,2019-09-08 18:44:50.419622,206.0,192.0,186.0,208.0,180.0,186.0,202.0,180.0,,-53,8343832
13.3341,2019-09-08 18:44:50.443918,208.0,208.0,184.0,206.0,182.0,182.0,192.0,182.0,,-36,8344199
13.3584,2019-09-08 18:44:50.468925,208.0,206.0,184.0,204.0,182.0,192.0,192.0,176.0,,-28,8344856
13.3834,2019-09-08 18:44:50.492543,184.0,190.0,190.0,208.0,182.0,190.0,176.0,190.0,,-21,8344233
13.407,2019-09-08 18:44:50.516607,208.0,208.0,190.0,184.0,176.0,188.0,182.0,188.0,,-17,8343963
13.4311,2019-09-08 18:44:50.550110,204.0,190.0,184.0,204.0,176.0,190.0,176.0,182.0,,-15,8342545
13.4647,2019-09-08 18:44:50.563016,204.0,184.0,204.0,190.0,176.0,190.0,176.0,182.0,,-15,8341648
13.4775,2019-09-08 18:44:50.589445,190.0,184.0,204.0,190.0,182.0,190.0,182.0,182.0,,-16,8342735
13.5039,2019-09-08 18:44:50.612363,184.0,204.0,204.0,208.0,182.0,188.0,176.0,182.0,,-18,8344752
13.5268,2019-09-08 18:44:50.642619,184.0,204.0,210.0,190.0,182.0,182.0,182.0,176.0,,-21,8344884
13.5574,2019-09-08 18:44:50.660639,184.0,204.0,204.0,184.0,182.0,182.0,182.0,182.0,,-23,8344662
13.5751,2019-09-08 18:44:50.685508,190.0,210.0,190.0,184.0,190.0,182.0,190.0,176.0,,-29,8342299
13.6,2019-09-08 18:44:50.713402,208.0,208.0,190.0,184.0,182.0,182.0,190.0,178.0,,-34,8343289
13.628,2019-09-08 18:44:50.734117,184.0,208.0,208.0,184.0,190.0,176.0,182.0,184.0,,-41,8343289
13.6486,2019-09-08 18:44:50.757523,204.0,208.0,190.0,184.0,190.0,176.0,180.0,190.0,,-48,8344417
13.6725,2019-09-08 18:44:50.781155,186.0,204.0,190.0,192.0,184.0,190.0,176.0,190.0,,-55,8344240
13.6959,2019-09-08 18:44:50.806012,206.0,186.0,192.0,186.0,184.0,190.0,176.0,182.0,,-61,8344683
13.7208,2019-09-08 18:44:50.834357,186.0,188.0,206.0,214.0,184.0,190.0,176.0,180.0,,-69,8344372
13.7491,2019-09-08 18:44:50.861959,208.0,186.0,190.0,186.0,184.0,190.0,184.0,186.0,,-72,8346742
13.7767,2019-09-08 18:44:50.882841,190.0,184.0,368.0,190.0,178.0,190.0,184.0,190.0,,-75,8346783
13.7976,2019-09-08 18:44:50.908746,208.0,192.0,184.0,490.0,176.0,208.0,182.0,190.0,,-76,8343240
13.8236,2019-09-08 18:44:50.934581,192.0,192.0,210.0,622.0,252.0,182.0,304.0,176.0,,-75,8343420
13.8494,2019-09-08 18:44:50.964011,212.0,662.0,192.0,186.0,190.0,182.0,432.0,184.0,,-75,8341693
13.8791,2019-09-08 18:44:50.988495,218.0,666.0,218.0,188.0,496.0,186.0,188.0,176.0,,-74,8341354
13.9033,2019-09-08 18:44:51.012312,674.0,222.0,188.0,188.0,190.0,190.0,190.0,190.0,,-74,8341216
13.9271,2019-09-08 18:44:51.040158,188.0,222.0,688.0,198.0,578.0,176.0,190.0,176.0,,-73,8341015
13.9547,2019-09-08 18:44:51.112316,224.0,202.0,652.0,230.0,660.0,208.0,668.0,176.0,,-74,8341212
14.0271,2019-09-08 18:44:51.128525,612.0,192.0,576.0,194.0,672.0,224.0,176.0,668.0,,-74,8341932
14.0433,2019-09-08 18:44:51.143813,528.0,232.0,524.0,232.0,664.0,206.0,176.0,652.0,,-74,8342635
14.0586,2019-09-08 18:44:51.187548,246.0,256.0,208.0,280.0,204.0,242.0,176.0,628.0,,-75,8342330
14.1024,2019-09-08 18:44:51.233636,282.0,216.0,348.0,308.0,176.0,584.0,208.0,274.0,,-76,8345053
14.1484,2019-09-08 18:44:51.272655,324.0,232.0,300.0,332.0,212.0,302.0,178.0,530.0,,-78,8342261
14.1874,2019-09-08 18:44:51.314974,280.0,350.0,354.0,326.0,522.0,216.0,328.0,218.0,,-80,8342188
14.2297,2019-09-08 18:44:51.321501,248.0,334.0,334.0,384.0,220.0,182.0,466.0,224.0,,-80,8342614
14.2362,2019-09-08 18:44:51.337350,342.0,260.0,344.0,406.0,368.0,376.0,384.0,190.0,,-80,8342839
14.2522,2019-09-08 18:44:51.375119,348.0,350.0,272.0,230.0,386.0,238.0,428.0,198.0,,-82,8342026
14.2899,2019-09-08 18:44:51.386046,230.0,228.0,278.0,228.0,328.0,250.0,474.0,212.0,,-82,8342026
14.301,2019-09-08 18:44:51.431050,286.0,354.0,286.0,226.0,272.0,220.0,246.0,270.0,,-83,8341953
14.346,2019-09-08 18:44:51.437779,224.0,352.0,296.0,348.0,234.0,552.0,274.0,274.0,,-83,8341915
14.3526,2019-09-08 18:44:51.486121,342.0,220.0,304.0,422.0,586.0,196.0,266.0,264.0,,-83,8342770
14.4009,2019-09-08 18:44:51.504884,304.0,320.0,384.0,304.0,282.0,284.0,260.0,542.0,,-81,8343493
14.4199,2019-09-08 18:44:51.531370,300.0,298.0,212.0,296.0,292.0,510.0,180.0,180.0,,-79,8342770
14.4462,2019-09-08 18:44:51.584937,274.0,268.0,210.0,272.0,386.0,302.0,178.0,212.0,,-70,8343783
14.4998,2019-09-08 18:44:51.600380,222.0,220.0,206.0,216.0,294.0,178.0,200.0,242.0,,-68,8344565
14.515,2019-09-08 18:44:51.624415,208.0,206.0,190.0,184.0,228.0,178.0,218.0,212.0,,-58,8344513
14.539,2019-09-08 18:44:51.649150,184.0,208.0,208.0,206.0,208.0,178.0,200.0,176.0,,-47,8343313
14.5637,2019-09-08 18:44:51.673209,186.0,184.0,186.0,208.0,192.0,176.0,182.0,192.0,,-36,8343126
14.5879,2019-09-08 18:44:51.696543,192.0,190.0,190.0,204.0,178.0,184.0,192.0,176.0,,-27,8342697
14.611,2019-09-08 18:44:51.719083,210.0,208.0,190.0,184.0,180.0,182.0,192.0,176.0,,-21,8342731
14.6336,2019-09-08 18:44:51.744330,208.0,204.0,210.0,210.0,180.0,182.0,190.0,176.0,,-18,8344223
14.6588,2019-09-08 18:44:51.768993,184.0,202.0,202.0,184.0,190.0,180.0,182.0,178.0,,-17,8345212
14.6837,2019-09-08 18:44:51.795201,210.0,190.0,184.0,204.0,176.0,180.0,178.0,180.0,,-16,8345572
14.7097,2019-09-08 18:44:51.819334,184.0,210.0,184.0,184.0,176.0,182.0,180.0,180.0,,-18,8347756
14.7338,2019-09-08 18:44:51.844127,190.0,184.0,204.0,208.0,176.0,180.0,176.0,190.0,,-20,8348738
14.7587,2019-09-08 18:44:51.869763,190.0,204.0,204.0,210.0,176.0,182.0,182.0,180.0,,-26,8347759
14.7843,2019-09-08 18:44:51.890833,190.0,184.0,204.0,204.0,182.0,190.0,182.0,190.0,,-29,8346558
14.8053,2019-09-08 18:44:51.930232,204.0,184.0,204.0,208.0,182.0,180.0,190.0,190.0,,-42,8345102
14.8449,2019-09-08 18:44:51.945725,190.0,184.0,204.0,190.0,180.0,180.0,184.0,192.0,,-45,8345337
14.8606,2019-09-08 18:44:51.967731,208.0,184.0,204.0,206.0,178.0,180.0,180.0,186.0,,-53,8347531
14.8822,2019-09-08 18:44:51.993419,210.0,190.0,186.0,208.0,184.0,192.0,176.0,180.0,,-63,8347289
14.9082,2019-09-08 18:44:52.019827,190.0,186.0,208.0,192.0,182.0,176.0,190.0,176.0,,-68,8346361
14.9343,2019-09-08 18:44:52.048259,186.0,206.0,208.0,208.0,190.0,186.0,190.0,184.0,,-72,8346195
14.9627,2019-09-08 18:44:52.068908,186.0,206.0,206.0,208.0,182.0,184.0,182.0,190.0,,-76,8345960
14.9841,2019-09-08 18:44:52.096664,184.0,208.0,194.0,216.0,184.0,182.0,176.0,184.0,,-78,8347458
15.0112,2019-09-08 18:44:52.121209,190.0,184.0,204.0,206.0,184.0,190.0,190.0,194.0,,-78,8347849
15.0358,2019-09-08 18:44:52.153503,392.0,206.0,184.0,206.0,178.0,178.0,176.0,260.0,,-77,8343012
15.0681,2019-09-08 18:44:52.172011,190.0,186.0,210.0,190.0,180.0,190.0,178.0,178.0,,-77,8341870
15.0865,2019-09-08 18:44:52.196973,192.0,692.0,192.0,186.0,442.0,496.0,186.0,190.0,,-76,8340306
15.1115,2019-09-08 18:44:52.221556,192.0,738.0,740.0,192.0,190.0,656.0,190.0,190.0,,-75,8342178
15.1361,2019-09-08 18:44:52.250639,192.0,188.0,220.0,192.0,176.0,692.0,190.0,190.0,,-74,8342776
15.1652,2019-09-08 18:44:52.274101,186.0,188.0,226.0,746.0,190.0,178.0,684.0,178.0,,-74,8342555
15.1886,2019-09-08 18:44:52.297721,198.0,200.0,230.0,726.0,190.0,190.0,686.0,208.0,,-74,8343496
15.2123,2019-09-08 18:44:52.321485,188.0,188.0,188.0,230.0,212.0,190.0,176.0,220.0,,-75,8343427
15.2361,2019-09-08 18:44:52.360819,202.0,188.0,230.0,232.0,618.0,610.0,194.0,178.0,,-76,8343711
15.2753,2019-09-08 18:44:52.417699,612.0,206.0,188.0,576.0,556.0,240.0,198.0,178.0,,-79,8345289
15.3322,2019-09-08 18:44:52.453186,552.0,216.0,224.0,192.0,538.0,238.0,208.0,176.0,,-81,8344330
15.3677,2019-09-08 18:44:52.474203,192.0,452.0,234.0,236.0,532.0,236.0,218.0,220.0,,-82,8343119
15.3887,2019-09-08 18:44:52.509815,194.0,310.0,254.0,368.0,226.0,228.0,178.0,238.0,,-83,8342790
15.4245,2019-09-08 18:44:52.534638,200.0,202.0,202.0,276.0,178.0,178.0,494.0,262.0,,-84,8343475
15.4491,2019-09-08 18:44:52.559848,204.0,286.0,206.0,372.0,272.0,180.0,260.0,264.0,,-84,8344783
15.4743,2019-09-08 18:44:52.586867,388.0,392.0,396.0,216.0,270.0,322.0,184.0,378.0,,-85,8344828
15.5022,2019-09-08 18:44:52.616418,220.0,234.0,344.0,226.0,290.0,382.0,192.0,302.0,,-85,8345102
15.5309,2019-09-08 18:44:52.641027,234.0,238.0,450.0,226.0,326.0,216.0,328.0,538.0,,-85,8344631
15.5556,2019-09-08 18:44:52.664903,374.0,222.0,376.0,254.0,230.0,196.0,322.0,574.0,,-84,8344828
15.5798,2019-09-08 18:44:52.689092,220.0,218.0,266.0,452.0,248.0,314.0,582.0,310.0,,-84,8345603
15.6039,2019-09-08 18:44:52.712171,442.0,216.0,330.0,430.0,306.0,576.0,184.0,182.0,,-83,8343126
15.6268,2019-09-08 18:44:52.738666,212.0,288.0,274.0,364.0,546.0,532.0,286.0,178.0,,-79,8343444
15.6532,2019-09-08 18:44:52.762227,268.0,208.0,258.0,296.0,178.0,262.0,436.0,298.0,,-77,8342825
15.6768,2019-09-08 18:44:52.785753,232.0,206.0,206.0,218.0,392.0,298.0,178.0,222.0,,-71,8342181
15.7005,2019-09-08 18:44:52.810962,226.0,204.0,204.0,192.0,276.0,262.0,206.0,242.0,,-66,8343479
15.7255,2019-09-08 18:44:52.836823,204.0,190.0,186.0,208.0,178.0,198.0,218.0,212.0,,-56,8343655
15.7514,2019-09-08 18:44:52.863285,206.0,190.0,184.0,206.0,178.0,188.0,196.0,176.0,,-43,8343707
15.7778,2019-09-08 18:44:52.887263,208.0,190.0,184.0,208.0,178.0,180.0,184.0,180.0,,-31,8343597
15.8018,2019-09-08 18:44:52.912225,190.0,204.0,184.0,208.0,184.0,180.0,182.0,180.0,,-18,8342811
15.8267,2019-09-08 18:44:52.932827,204.0,190.0,184.0,190.0,182.0,182.0,182.0,188.0,,-14,8342012
15.8473,2019-09-08 18:44:52.958996,204.0,202.0,190.0,190.0,178.0,190.0,182.0,190.0,,-12,8342686
15.8735,2019-09-08 18:44:52.991450,204.0,208.0,208.0,190.0,180.0,190.0,182.0,190.0,,-13,8342247
15.906,2019-09-08 18:44:53.011442,190.0,204.0,202.0,190.0,178.0,180.0,190.0,178.0,,-14,8342600
15.9259,2019-09-08 18:44:53.037856,184.0,208.0,208.0,184.0,190.0,182.0,180.0,178.0,,-17,8342652
15.9523,2019-09-08 18:44:53.066522,208.0,208.0,184.0,184.0,180.0,182.0,190.0,182.0,,-21,8343057
15.9813,2019-09-08 18:44:53.086110,204.0,208.0,202.0,184.0,182.0,190.0,190.0,178.0,,-26,8343389
16.0006,2019-09-08 18:44:53.116476,190.0,184.0,184.0,190.0,180.0,178.0,190.0,190.0,,-38,8343600
16.0311,2019-09-08 18:44:53.140694,204.0,208.0,190.0,208.0,178.0,178.0,184.0,184.0,,-47,8343770
16.0555,2019-09-08 18:44:53.191083,208.0,184.0,204.0,204.0,184.0,176.0,180.0,186.0,,-63,8344880
16.1058,2019-09-08 18:44:53.201639,208.0,190.0,186.0,206.0,186.0,182.0,176.0,176.0,,-67,8346275
16.1162,2019-09-08 18:44:53.223074,206.0,208.0,208.0,190.0,186.0,186.0,190.0,188.0,,-72,8347368
16.1376,2019-09-08 18:44:53.248636,208.0,208.0,190.0,208.0,186.0,190.0,186.0,190.0,,-75,8346071
16.1631,2019-09-08 18:44:53.273543,214.0,192.0,186.0,224.0,178.0,202.0,184.0,190.0,,-78,8347711
16.188,2019-09-08 18:44:53.297293,282.0,190.0,330.0,206.0,178.0,244.0,182.0,184.0,,-78,8346877
16.2121,2019-09-08 18:44:53.322411,184.0,208.0,508.0,538.0,190.0,178.0,422.0,460.0,,-77,8342306
16.2375,2019-09-08 18:44:53.343608,192.0,186.0,708.0,190.0,186.0,190.0,178.0,188.0,,-76,8341344
16.2586,2019-09-08 18:44:53.370952,760.0,764.0,186.0,186.0,190.0,178.0,580.0,194.0,,-75,8340821
16.2858,2019-09-08 18:44:53.391488,218.0,760.0,192.0,760.0,582.0,176.0,578.0,210.0,,-74,8339887
16.3063,2019-09-08 18:44:53.417604,222.0,194.0,754.0,196.0,580.0,216.0,204.0,176.0,,-73,8340174
16.3325,2019-09-08 18:44:53.440803,188.0,732.0,200.0,188.0,176.0,592.0,226.0,232.0,,-73,8341417
16.3556,2019-09-08 18:44:53.465857,206.0,666.0,234.0,190.0,178.0,226.0,606.0,224.0,,-73,8342244
16.3806,2019-09-08 18:44:53.490754,240.0,582.0,216.0,560.0,178.0,178.0,600.0,246.0,,-74,8342060
16.4055,2019-09-08 18:44:53.517361,194.0,510.0,224.0,196.0,224.0,250.0,178.0,560.0,,-74,8342859
16.4321,2019-09-08 18:44:53.544239,270.0,452.0,236.0,434.0,230.0,256.0,178.0,520.0,,-75,8341731
16.459,2019-09-08 18:44:53.566228,202.0,290.0,256.0,384.0,234.0,266.0,268.0,488.0,,-77,8342202
16.4812,2019-09-08 18:44:53.591931,208.0,346.0,276.0,210.0,180.0,274.0,180.0,458.0,,-78,8342174
16.5068,2019-09-08 18:44:53.616806,290.0,328.0,296.0,216.0,242.0,440.0,288.0,182.0,,-79,8342361
16.5316,2019-09-08 18:44:53.643960,218.0,218.0,346.0,262.0,410.0,400.0,260.0,308.0,,-80,8344140
16.5587,2019-09-08 18:44:53.668889,358.0,332.0,228.0,364.0,316.0,186.0,326.0,278.0,,-81,8344832
16.5836,2019-09-08 18:44:53.692148,232.0,352.0,238.0,376.0,342.0,190.0,304.0,296.0,,-82,8344904
16.6069,2019-09-08 18:44:53.720688,384.0,368.0,246.0,388.0,376.0,386.0,198.0,310.0,,-83,8344161
16.6355,2019-09-08 18:44:53.741543,396.0,380.0,256.0,224.0,316.0,428.0,208.0,212.0,,-84,8343430
16.6567,2019-09-08 18:44:53.769550,406.0,264.0,222.0,394.0,212.0,476.0,224.0,494.0,,-84,8343936
16.6848,2019-09-08 18:44:53.794562,396.0,220.0,398.0,278.0,236.0,240.0,194.0,524.0,,-85,8344894
16.7096,2019-09-08 18:44:53.836885,286.0,416.0,288.0,216.0,282.0,186.0,330.0,328.0,,-84,8342614
16.7517,2019-09-08 18:44:53.857158,296.0,410.0,216.0,408.0,322.0,520.0,314.0,180.0,,-83,8343368
16.7719,2019-09-08 18:44:53.884509,298.0,380.0,294.0,296.0,494.0,300.0,178.0,292.0,,-80,8344344
16.7993,2019-09-08 18:44:53.906629,288.0,210.0,246.0,274.0,332.0,178.0,178.0,266.0,,-78,8344849
16.8217,2019-09-08 18:44:53.928710,270.0,208.0,220.0,236.0,178.0,250.0,244.0,238.0,,-74,8345725
16.8432,2019-09-08 18:44:53.952433,206.0,206.0,204.0,206.0,290.0,224.0,178.0,214.0,,-70,8346676
16.8672,2019-09-08 18:44:53.976102,206.0,190.0,184.0,208.0,178.0,204.0,220.0,214.0,,-63,8345095
16.8909,2019-09-08 18:44:54.038533,206.0,190.0,184.0,206.0,180.0,180.0,192.0,198.0,,-28,8343008
16.9533,2019-09-08 18:44:54.047371,208.0,204.0,208.0,190.0,178.0,176.0,184.0,184.0,,-24,8343008
16.9624,2019-09-08 18:44:54.057149,204.0,204.0,190.0,184.0,190.0,192.0,182.0,182.0,,-20,8342064
16.972,2019-09-08 18:44:54.072319,184.0,204.0,208.0,190.0,182.0,182.0,176.0,182.0,,-18,8342344
16.9871,2019-09-08 18:44:54.096567,208.0,186.0,184.0,202.0,180.0,188.0,188.0,180.0,,-15,8341721
17.0113,2019-09-08 18:44:54.163489,184.0,202.0,202.0,184.0,182.0,180.0,190.0,178.0,,-15,8342129
17.0783,2019-09-08 18:44:54.189747,190.0,208.0,202.0,190.0,180.0,188.0,178.0,182.0,,-21,8342801
17.1051,2019-09-08 18:44:54.197044,206.0,188.0,208.0,190.0,182.0,182.0,180.0,188.0,,-23,8343835
17.1119,2019-09-08 18:44:54.216076,204.0,184.0,202.0,204.0,180.0,188.0,178.0,182.0,,-27,8345081
17.131,2019-09-08 18:44:54.243189,190.0,204.0,204.0,190.0,182.0,178.0,182.0,182.0,,-36,8344088
17.1579,2019-09-08 18:44:54.269879,184.0,208.0,208.0,190.0,182.0,190.0,176.0,182.0,,-43,8344379
17.185,2019-09-08 18:44:54.294436,184.0,204.0,208.0,184.0,184.0,190.0,178.0,180.0,,-52,8346344
17.2093,2019-09-08 18:44:54.317038,190.0,190.0,186.0,204.0,190.0,178.0,176.0,184.0,,-60,8346569
17.2319,2019-09-08 18:44:54.346878,190.0,204.0,190.0,204.0,182.0,184.0,192.0,178.0,,-70,8346811
17.2617,2019-09-08 18:44:54.369184,208.0,192.0,206.0,210.0,182.0,186.0,192.0,178.0,,-76,8346745
17.284,2019-09-08 18:44:54.397628,208.0,190.0,208.0,206.0,186.0,192.0,192.0,182.0,,-79,8346586
17.3126,2019-09-08 18:44:54.461535,202.0,188.0,190.0,184.0,192.0,190.0,186.0,190.0,,-80,8348403
17.3767,2019-09-08 18:44:54.469958,192.0,414.0,188.0,190.0,190.0,178.0,184.0,188.0,,-79,8345240
17.3854,2019-09-08 18:44:54.482694,558.0,602.0,190.0,192.0,176.0,336.0,184.0,190.0,,-79,8343133
17.3975,2019-09-08 18:44:54.503478,210.0,186.0,212.0,212.0,186.0,190.0,178.0,596.0,,-78,8342105
17.4182,2019-09-08 18:44:54.527256,186.0,796.0,794.0,188.0,192.0,190.0,178.0,190.0,,-77,8341154
17.4425,2019-09-08 18:44:54.551405,188.0,216.0,188.0,778.0,190.0,178.0,648.0,206.0,,-75,8342489
17.4662,2019-09-08 18:44:54.576746,192.0,188.0,194.0,220.0,642.0,212.0,194.0,640.0,,-74,8344036
17.4915,2019-09-08 18:44:54.602047,746.0,742.0,188.0,188.0,220.0,636.0,226.0,204.0,,-73,8343098
17.517,2019-09-08 18:44:54.624646,220.0,700.0,196.0,188.0,624.0,236.0,210.0,178.0,,-73,8342821
17.54,2019-09-08 18:44:54.682450,188.0,226.0,190.0,200.0,178.0,566.0,248.0,216.0,,-76,8341880
17.5975,2019-09-08 18:44:54.756742,598.0,592.0,204.0,190.0,256.0,220.0,178.0,444.0,,-80,8342797
17.6715,2019-09-08 18:44:54.771033,522.0,214.0,192.0,256.0,432.0,178.0,416.0,408.0,,-81,8343607
17.686,2019-09-08 18:44:54.795138,220.0,192.0,280.0,194.0,276.0,240.0,384.0,180.0,,-81,8344174
17.7102,2019-09-08 18:44:54.818417,410.0,390.0,198.0,200.0,182.0,292.0,268.0,182.0,,-83,8345776
17.733,2019-09-08 18:44:54.844789,200.0,342.0,202.0,350.0,306.0,296.0,186.0,320.0,,-83,8348123
17.7593,2019-09-08 18:44:54.871109,278.0,304.0,206.0,378.0,188.0,280.0,336.0,364.0,,-84,8346309
17.7861,2019-09-08 18:44:54.896098,244.0,326.0,212.0,410.0,378.0,198.0,234.0,362.0,,-84,8345406
17.811,2019-09-08 18:44:54.916619,426.0,354.0,230.0,434.0,366.0,370.0,204.0,374.0,,-84,8346361
17.8312,2019-09-08 18:44:54.950164,370.0,372.0,226.0,376.0,488.0,232.0,504.0,244.0,,-84,8347071
17.8648,2019-09-08 18:44:54.964009,224.0,378.0,248.0,452.0,516.0,258.0,522.0,362.0,,-84,8346766
17.8786,2019-09-08 18:44:54.990231,220.0,256.0,444.0,442.0,524.0,284.0,518.0,298.0,,-82,8346648
17.9049,2019-09-08 18:44:55.014536,324.0,260.0,214.0,260.0,336.0,332.0,316.0,180.0,,-80,8344583
17.9292,2019-09-08 18:44:55.040822,272.0,212.0,258.0,210.0,324.0,178.0,334.0,426.0,,-76,8344970
17.9553,2019-09-08 18:44:55.065820,284.0,276.0,226.0,226.0,278.0,178.0,260.0,340.0,,-73,8346790
17.9803,2019-09-08 18:44:55.092914,208.0,206.0,206.0,198.0,178.0,238.0,302.0,316.0,,-70,8345828
18.0074,2019-09-08 18:44:55.120857,188.0,208.0,192.0,184.0,300.0,218.0,242.0,250.0,,-63,8346818
18.0354,2019-09-08 18:44:55.157451,190.0,206.0,190.0,206.0,230.0,178.0,204.0,194.0,,-46,8348001
18.0723,2019-09-08 18:44:55.166476,190.0,204.0,190.0,184.0,182.0,190.0,182.0,186.0,,-40,8347700
18.0811,2019-09-08 18:44:55.187077,184.0,208.0,190.0,204.0,184.0,192.0,178.0,178.0,,-30,8347891
18.1016,2019-09-08 18:44:55.215374,184.0,208.0,190.0,184.0,180.0,184.0,192.0,178.0,,-22,8345437
18.1298,2019-09-08 18:44:55.237871,184.0,202.0,190.0,184.0,182.0,190.0,176.0,180.0,,-18,8344226
18.1531,2019-09-08 18:44:55.263081,184.0,210.0,210.0,184.0,182.0,190.0,182.0,180.0,,-16,8344735
18.1779,2019-09-08 18:44:55.288541,184.0,208.0,190.0,184.0,176.0,182.0,180.0,188.0,,-16,8345482
18.2034,2019-09-08 18:44:55.312906,208.0,190.0,184.0,202.0,180.0,190.0,188.0,182.0,,-18,8345088
18.2276,2019-09-08 18:44:55.337855,202.0,188.0,184.0,202.0,182.0,180.0,190.0,182.0,,-23,8343711
18.2524,2019-09-08 18:44:55.362191,204.0,208.0,190.0,184.0,176.0,188.0,178.0,182.0,,-28,8344216
18.2767,2019-09-08 18:44:55.388473,202.0,190.0,190.0,190.0,190.0,176.0,182.0,182.0,,-35,8344790
18.303,2019-09-08 18:44:55.420654,208.0,208.0,190.0,184.0,188.0,176.0,182.0,184.0,,-47,8345292
18.3351,2019-09-08 18:44:55.436664,204.0,208.0,190.0,204.0,190.0,178.0,180.0,176.0,,-54,8345614
18.3512,2019-09-08 18:44:55.462820,204.0,208.0,204.0,184.0,190.0,176.0,180.0,178.0,,-61,8346278
18.3773,2019-09-08 18:44:55.489673,204.0,190.0,184.0,204.0,190.0,176.0,186.0,190.0,,-69,8347081
18.4042,2019-09-08 18:44:55.514339,208.0,206.0,186.0,206.0,176.0,180.0,186.0,186.0,,-76,8347396
18.4289,2019-09-08 18:44:55.565013,206.0,206.0,206.0,210.0,182.0,182.0,178.0,182.0,,-80,8348735
18.4796,2019-09-08 18:44:55.574962,190.0,204.0,212.0,188.0,182.0,186.0,190.0,176.0,,-81,8349081
18.4895,2019-09-08 18:44:55.591289,190.0,206.0,188.0,190.0,190.0,196.0,190.0,176.0,,-81,8351081
18.5058,2019-09-08 18:44:55.619856,204.0,206.0,190.0,190.0,252.0,290.0,184.0,190.0,,-79,8347894
18.5348,2019-09-08 18:44:55.641169,184.0,210.0,184.0,210.0,176.0,184.0,190.0,178.0,,-80,8344731
18.5557,2019-09-08 18:44:55.668097,764.0,192.0,190.0,186.0,178.0,188.0,190.0,178.0,,-79,8342482
18.583,2019-09-08 18:44:55.702460,186.0,214.0,790.0,190.0,178.0,190.0,192.0,190.0,,-78,8343545
18.617,2019-09-08 18:44:55.729135,782.0,218.0,780.0,192.0,178.0,672.0,194.0,190.0,,-76,8343925
18.6437,2019-09-08 18:44:55.740838,774.0,192.0,186.0,766.0,178.0,674.0,206.0,196.0,,-76,8344344
18.6554,2019-09-08 18:44:55.772783,748.0,224.0,224.0,736.0,176.0,684.0,214.0,206.0,,-76,8342071
18.6873,2019-09-08 18:44:55.790450,224.0,186.0,224.0,688.0,674.0,220.0,662.0,176.0,,-77,8342804
18.7051,2019-09-08 18:44:55.834783,196.0,186.0,228.0,626.0,602.0,234.0,228.0,178.0,,-78,8343029
18.7493,2019-09-08 18:44:55.882344,204.0,186.0,188.0,252.0,242.0,178.0,242.0,252.0,,-81,8343205
18.7969,2019-09-08 18:44:55.926272,510.0,226.0,190.0,282.0,244.0,260.0,180.0,442.0,,-83,8345008
18.8408,2019-09-08 18:44:55.976247,418.0,192.0,372.0,322.0,382.0,308.0,184.0,184.0,,-85,8347870
18.8907,2019-09-08 18:44:55.993750,330.0,326.0,282.0,312.0,330.0,280.0,360.0,190.0,,-86,8348337
18.9082,2019-09-08 18:44:56.014514,358.0,306.0,202.0,364.0,386.0,272.0,262.0,310.0,,-86,8348849
18.929,2019-09-08 18:44:56.043765,384.0,212.0,394.0,242.0,206.0,208.0,218.0,330.0,,-87,8348583
18.9582,2019-09-08 18:44:56.086519,378.0,228.0,232.0,392.0,510.0,240.0,194.0,346.0,,-88,8351386
19.001,2019-09-08 18:44:56.100955,230.0,230.0,228.0,408.0,344.0,540.0,276.0,186.0,,-88,8350406
19.0154,2019-09-08 18:44:56.124874,226.0,224.0,402.0,262.0,332.0,540.0,324.0,534.0,,-87,8350427
19.0394,2019-09-08 18:44:56.147727,220.0,372.0,266.0,218.0,314.0,518.0,332.0,180.0,,-86,8349033
19.0622,2019-09-08 18:44:56.192442,268.0,386.0,378.0,368.0,288.0,178.0,272.0,178.0,,-80,8344375
19.1069,2019-09-08 18:44:56.199229,320.0,264.0,300.0,210.0,348.0,178.0,240.0,342.0,,-77,8344884
19.1137,2019-09-08 18:44:56.235899,230.0,206.0,218.0,206.0,178.0,178.0,216.0,266.0,,-70,8345939
19.1504,2019-09-08 18:44:56.252037,206.0,206.0,194.0,192.0,274.0,178.0,202.0,224.0,,-61,8346071
19.1665,2019-09-08 18:44:56.280157,184.0,208.0,206.0,184.0,206.0,180.0,192.0,204.0,,-49,8343884
19.1947,2019-09-08 18:44:56.300832,190.0,208.0,204.0,184.0,176.0,184.0,184.0,184.0,,-36,8343268
19.2153,2019-09-08 18:44:56.325300,190.0,204.0,208.0,190.0,182.0,178.0,182.0,182.0,,-23,8342932
19.2398,2019-09-08 18:44:56.355965,204.0,188.0,208.0,202.0,190.0,176.0,182.0,180.0,,-18,8342749
19.2704,2019-09-08 18:44:56.406559,208.0,190.0,190.0,184.0,182.0,180.0,182.0,180.0,,-17,8342586
19.321,2019-09-08 18:44:56.412820,208.0,190.0,190.0,202.0,182.0,180.0,188.0,176.0,,-18,8342956
19.3273,2019-09-08 18:44:56.455266,208.0,190.0,208.0,208.0,188.0,176.0,188.0,180.0,,-19,8343856
19.3697,2019-09-08 18:44:56.465412,208.0,190.0,210.0,190.0,182.0,188.0,188.0,176.0,,-27,8343192
19.3799,2019-09-08 18:44:56.485761,184.0,208.0,208.0,188.0,178.0,180.0,188.0,190.0,,-30,8344472
19.4004,2019-09-08 18:44:56.505623,210.0,190.0,184.0,208.0,182.0,182.0,188.0,176.0,,-37,8343904
19.4201,2019-09-08 18:44:56.529869,190.0,184.0,202.0,208.0,178.0,180.0,190.0,176.0,,-44,8345140
19.4443,2019-09-08 18:44:56.557808,184.0,204.0,184.0,204.0,176.0,180.0,184.0,190.0,,-56,8344770
19.4723,2019-09-08 18:44:56.590480,208.0,190.0,184.0,190.0,176.0,184.0,190.0,176.0,,-67,8346060
19.5051,2019-09-08 18:44:56.608444,190.0,204.0,208.0,190.0,180.0,184.0,192.0,176.0,,-73,8346731
19.523,2019-09-08 18:44:56.633786,184.0,208.0,208.0,208.0,182.0,184.0,192.0,176.0,,-78,8346797
19.5483,2019-09-08 18:44:56.661247,206.0,210.0,192.0,186.0,176.0,180.0,184.0,190.0,,-82,8345520
19.5757,2019-09-08 18:44:56.724529,208.0,190.0,210.0,190.0,186.0,182.0,178.0,182.0,,-83,8349420
19.639,2019-09-08 18:44:56.742047,202.0,204.0,188.0,206.0,184.0,190.0,190.0,198.0,,-82,8347379
19.6566,2019-09-08 18:44:56.748383,190.0,184.0,206.0,184.0,186.0,188.0,178.0,190.0,,-82,8341423
19.6628,2019-09-08 18:44:56.767025,210.0,190.0,210.0,186.0,176.0,330.0,184.0,178.0,,-83,8342216
19.6815,2019-09-08 18:44:56.793492,192.0,186.0,186.0,212.0,456.0,186.0,190.0,178.0,,-81,8340673
19.708,2019-09-08 18:44:56.813203,832.0,190.0,828.0,192.0,190.0,178.0,190.0,728.0,,-81,8341583
19.7277,2019-09-08 18:44:56.836312,188.0,218.0,806.0,192.0,192.0,178.0,716.0,200.0,,-79,8342548
19.7508,2019-09-08 18:44:56.868614,188.0,790.0,220.0,784.0,192.0,698.0,208.0,206.0,,-76,8343268
19.7831,2019-09-08 18:44:56.897047,760.0,196.0,222.0,196.0,212.0,176.0,676.0,216.0,,-76,8344105
19.8115,2019-09-08 18:44:56.915262,224.0,188.0,692.0,200.0,240.0,176.0,654.0,220.0,,-77,8343728
19.8298,2019-09-08 18:44:56.959673,202.0,188.0,238.0,238.0,292.0,298.0,230.0,550.0,,-78,8341797
19.8741,2019-09-08 18:44:57.009221,558.0,216.0,190.0,260.0,532.0,516.0,234.0,320.0,,-80,8342385
19.9237,2019-09-08 18:44:57.081103,454.0,252.0,298.0,300.0,390.0,252.0,402.0,188.0,,-85,8343496
19.9956,2019-09-08 18:44:57.107016,284.0,208.0,332.0,214.0,280.0,266.0,428.0,196.0,,-86,8345441
20.0215,2019-09-08 18:44:57.132226,222.0,258.0,356.0,366.0,442.0,200.0,228.0,288.0,,-88,8347091
20.0467,2019-09-08 18:44:57.155953,238.0,238.0,236.0,388.0,214.0,484.0,494.0,216.0,,-89,8347389
20.0704,2019-09-08 18:44:57.186928,398.0,232.0,406.0,260.0,514.0,312.0,198.0,232.0,,-89,8346448
20.1014,2019-09-08 18:44:57.204076,268.0,406.0,230.0,276.0,196.0,242.0,552.0,252.0,,-89,8345392
20.1186,2019-09-08 18:44:57.227077,404.0,404.0,224.0,428.0,192.0,318.0,562.0,278.0,,-89,8344994
20.1415,2019-09-08 18:44:57.251438,392.0,220.0,410.0,406.0,188.0,308.0,556.0,300.0,,-87,8344257
20.1659,2019-09-08 18:44:57.279249,380.0,374.0,308.0,306.0,184.0,292.0,524.0,320.0,,-85,8345102
20.1937,2019-09-08 18:44:57.336758,212.0,334.0,212.0,318.0,280.0,178.0,272.0,178.0,,-76,8345413
20.2512,2019-09-08 18:44:57.366516,282.0,208.0,240.0,260.0,320.0,178.0,224.0,256.0,,-67,8344534
20.281,2019-09-08 18:44:57.376389,242.0,240.0,224.0,212.0,260.0,240.0,228.0,178.0,,-61,8343763
20.2908,2019-09-08 18:44:57.389972,206.0,212.0,206.0,208.0,200.0,208.0,192.0,182.0,,-54,8343794
20.3045,2019-09-08 18:44:57.412506,190.0,184.0,206.0,184.0,176.0,190.0,184.0,190.0,,-40,8343735
20.3272,2019-09-08 18:44:57.436519,206.0,206.0,190.0,208.0,184.0,190.0,178.0,180.0,,-30,8342929
20.3511,2019-09-08 18:44:57.462687,204.0,190.0,190.0,190.0,176.0,178.0,182.0,188.0,,-24,8342077
20.3772,2019-09-08 18:44:57.484935,204.0,190.0,208.0,190.0,178.0,176.0,180.0,176.0,,-20,8341922
20.3995,2019-09-08 18:44:57.511632,184.0,202.0,184.0,204.0,188.0,176.0,182.0,180.0,,-18,8343711
20.4262,2019-09-08 18:44:57.535846,184.0,202.0,202.0,202.0,188.0,176.0,182.0,180.0,,-18,8342216
20.4504,2019-09-08 18:44:57.558371,188.0,184.0,208.0,210.0,188.0,176.0,182.0,180.0,,-21,8342340
20.4729,2019-09-08 18:44:57.586552,184.0,208.0,188.0,184.0,188.0,178.0,182.0,188.0,,-24,8342427
20.5013,2019-09-08 18:44:57.609544,204.0,204.0,202.0,208.0,176.0,176.0,182.0,188.0,,-28,8344230
20.5243,2019-09-08 18:44:57.631296,190.0,184.0,202.0,204.0,182.0,182.0,188.0,176.0,,-33,8344088
20.5463,2019-09-08 18:44:57.653395,190.0,184.0,204.0,184.0,182.0,182.0,188.0,182.0,,-39,8343984
20.5682,2019-09-08 18:44:57.677621,184.0,202.0,208.0,208.0,176.0,182.0,184.0,188.0,,-47,8343898
20.5922,2019-09-08 18:44:57.701936,190.0,208.0,204.0,190.0,176.0,188.0,184.0,190.0,,-55,8344316
20.617,2019-09-08 18:44:57.750476,190.0,208.0,190.0,190.0,176.0,180.0,184.0,190.0,,-70,8344603
20.6652,2019-09-08 18:44:57.757315,184.0,210.0,210.0,204.0,182.0,190.0,176.0,176.0,,-73,8344399
20.6724,2019-09-08 18:44:57.777856,206.0,190.0,186.0,210.0,190.0,176.0,184.0,184.0,,-77,8344188
20.6924,2019-09-08 18:44:57.803638,186.0,206.0,184.0,206.0,186.0,184.0,194.0,176.0,,-79,8344911
20.7181,2019-09-08 18:44:57.831109,186.0,210.0,210.0,206.0,208.0,184.0,190.0,176.0,,-79,8347126
20.7456,2019-09-08 18:44:57.854176,204.0,322.0,184.0,206.0,334.0,182.0,190.0,178.0,,-78,8344302
20.7687,2019-09-08 18:44:57.878360,466.0,486.0,184.0,190.0,620.0,186.0,192.0,178.0,,-78,8342050
20.7928,2019-09-08 18:44:57.899000,696.0,214.0,738.0,764.0,176.0,734.0,176.0,190.0,,-76,8341769
20.8135,2019-09-08 18:44:57.930837,186.0,214.0,214.0,192.0,176.0,692.0,176.0,188.0,,-73,8341095
20.8454,2019-09-08 18:44:57.947328,190.0,186.0,214.0,214.0,176.0,190.0,212.0,708.0,,-73,8340095
20.8619,2019-09-08 18:44:57.981424,816.0,814.0,214.0,186.0,216.0,198.0,176.0,712.0,,-73,8340846
20.8959,2019-09-08 18:44:58.003537,216.0,190.0,792.0,218.0,704.0,210.0,212.0,178.0,,-74,8340967
20.918,2019-09-08 18:44:58.034621,768.0,192.0,188.0,220.0,668.0,178.0,222.0,178.0,,-76,8341306
20.9491,2019-09-08 18:44:58.066212,186.0,192.0,714.0,704.0,224.0,178.0,584.0,178.0,,-77,8342275
20.9811,2019-09-08 18:44:58.140311,194.0,664.0,228.0,186.0,248.0,180.0,436.0,242.0,,-83,8342572
21.055,2019-09-08 18:44:58.159905,188.0,610.0,210.0,248.0,262.0,180.0,398.0,254.0,,-85,8342437
21.0746,2019-09-08 18:44:58.187632,262.0,242.0,454.0,198.0,282.0,182.0,362.0,270.0,,-86,8343098
21.1021,2019-09-08 18:44:58.218451,406.0,396.0,288.0,210.0,358.0,370.0,284.0,276.0,,-86,8343358
21.133,2019-09-08 18:44:58.353067,308.0,332.0,222.0,292.0,264.0,186.0,354.0,528.0,,-87,8343008
21.2675,2019-09-08 18:44:58.363262,230.0,230.0,288.0,440.0,290.0,182.0,334.0,510.0,,-86,8343095
21.2778,2019-09-08 18:44:58.383377,226.0,226.0,436.0,432.0,316.0,322.0,478.0,330.0,,-84,8344071
21.2979,2019-09-08 18:44:58.407903,300.0,340.0,218.0,300.0,446.0,276.0,412.0,340.0,,-81,8343960
21.3224,2019-09-08 18:44:58.435026,296.0,312.0,328.0,212.0,178.0,244.0,328.0,328.0,,-77,8344008
21.3495,2019-09-08 18:44:58.455482,210.0,274.0,262.0,246.0,282.0,302.0,252.0,270.0,,-73,8345268
21.37,2019-09-08 18:44:58.482404,208.0,228.0,208.0,212.0,248.0,178.0,198.0,178.0,,-65,8345285
21.3969,2019-09-08 18:44:58.507165,206.0,196.0,190.0,208.0,192.0,202.0,180.0,182.0,,-53,8346212
21.4217,2019-09-08 18:44:58.552466,208.0,190.0,208.0,206.0,176.0,182.0,176.0,182.0,,-29,8343458
21.4669,2019-09-08 18:44:58.559140,208.0,190.0,184.0,204.0,182.0,190.0,176.0,188.0,,-25,8343295
21.4736,2019-09-08 18:44:58.578630,210.0,190.0,210.0,208.0,182.0,188.0,176.0,182.0,,-23,8343513
21.4931,2019-09-08 18:44:58.603128,184.0,210.0,210.0,190.0,180.0,182.0,188.0,176.0,,-19,8345195
21.5176,2019-09-08 18:44:58.633470,184.0,184.0,210.0,190.0,182.0,180.0,188.0,180.0,,-18,8345600
21.548,2019-09-08 18:44:58.652166,184.0,184.0,210.0,188.0,182.0,180.0,182.0,176.0,,-19,8346216
21.5668,2019-09-08 18:44:58.676875,210.0,190.0,190.0,184.0,188.0,180.0,182.0,176.0,,-22,8345396
21.5919,2019-09-08 18:44:58.705341,190.0,210.0,190.0,184.0,188.0,176.0,182.0,182.0,,-26,8344610
21.6201,2019-09-08 18:44:58.748555,184.0,210.0,204.0,210.0,188.0,178.0,182.0,182.0,,-37,8345929
21.6634,2019-09-08 18:44:58.767070,184.0,202.0,210.0,188.0,188.0,178.0,182.0,182.0,,-44,8345842
21.6818,2019-09-08 18:44:58.777029,202.0,184.0,210.0,202.0,182.0,176.0,182.0,182.0,,-48,8345275
21.6918,2019-09-08 18:44:58.801707,208.0,190.0,210.0,190.0,176.0,182.0,184.0,180.0,,-57,8343662
21.7162,2019-09-08 18:44:58.865351,184.0,204.0,210.0,210.0,184.0,182.0,176.0,182.0,,-65,8344794
21.7798,2019-09-08 18:44:58.889585,210.0,204.0,210.0,208.0,176.0,180.0,186.0,190.0,,-79,8347039
21.8042,2019-09-08 18:44:58.905142,184.0,210.0,210.0,184.0,190.0,176.0,186.0,184.0,,-80,8345994
21.8199,2019-09-08 18:44:58.921659,190.0,210.0,210.0,190.0,178.0,188.0,190.0,178.0,,-82,8345472
21.8365,2019-09-08 18:44:58.959255,210.0,210.0,210.0,192.0,176.0,190.0,182.0,240.0,,-81,8346797
21.8742,2019-09-08 18:44:58.970687,206.0,208.0,190.0,184.0,182.0,294.0,182.0,190.0,,-81,8345939
21.8855,2019-09-08 18:44:58.995242,184.0,206.0,190.0,184.0,178.0,190.0,178.0,188.0,,-80,8342607
21.9102,2019-09-08 18:44:59.017869,206.0,450.0,190.0,490.0,178.0,522.0,186.0,188.0,,-79,8342500
21.9327,2019-09-08 18:44:59.043447,190.0,184.0,706.0,190.0,178.0,588.0,190.0,190.0,,-78,8342368
21.9582,2019-09-08 18:44:59.066545,792.0,190.0,186.0,190.0,604.0,204.0,176.0,176.0,,-77,8341230
21.9813,2019-09-08 18:44:59.090996,218.0,186.0,218.0,778.0,596.0,208.0,584.0,236.0,,-76,8341835
22.0059,2019-09-08 18:44:59.117888,188.0,768.0,192.0,192.0,224.0,180.0,550.0,262.0,,-77,8342714
22.0328,2019-09-08 18:44:59.146840,224.0,188.0,224.0,744.0,524.0,182.0,248.0,182.0,,-77,8343167
22.0616,2019-09-08 18:44:59.166082,714.0,200.0,200.0,188.0,464.0,298.0,260.0,184.0,,-77,8343406
22.0808,2019-09-08 18:44:59.191352,208.0,210.0,192.0,580.0,392.0,316.0,270.0,186.0,,-78,8342576
22.1061,2019-09-08 18:44:59.214995,228.0,198.0,266.0,266.0,336.0,328.0,316.0,332.0,,-79,8342991
22.1298,2019-09-08 18:44:59.258182,432.0,404.0,260.0,208.0,284.0,188.0,290.0,188.0,,-81,8344379
22.1731,2019-09-08 18:44:59.303420,366.0,284.0,214.0,314.0,310.0,190.0,268.0,332.0,,-84,8343489
22.2182,2019-09-08 18:44:59.333893,312.0,310.0,306.0,316.0,190.0,262.0,332.0,258.0,,-85,8342071
22.2487,2019-09-08 18:44:59.382484,336.0,228.0,230.0,264.0,198.0,236.0,346.0,402.0,,-86,8342427
22.2973,2019-09-08 18:44:59.403350,232.0,352.0,236.0,356.0,204.0,224.0,354.0,430.0,,-87,8343451
22.3181,2019-09-08 18:44:59.427343,242.0,388.0,244.0,366.0,214.0,360.0,208.0,366.0,,-88,8342552
22.3423,2019-09-08 18:44:59.455969,232.0,254.0,256.0,420.0,470.0,218.0,196.0,372.0,,-88,8343586
22.3707,2019-09-08 18:44:59.475494,228.0,432.0,228.0,434.0,194.0,374.0,192.0,236.0,,-88,8343268
22.3903,2019-09-08 18:44:59.599475,228.0,442.0,276.0,226.0,190.0,372.0,508.0,252.0,,-78,8343244
22.5143,2019-09-08 18:44:59.608463,212.0,288.0,274.0,310.0,180.0,300.0,376.0,306.0,,-77,8342631
22.5232,2019-09-08 18:44:59.621910,284.0,252.0,274.0,208.0,178.0,260.0,308.0,178.0,,-75,8342489
22.5367,2019-09-08 18:44:59.640836,208.0,216.0,216.0,232.0,290.0,178.0,220.0,232.0,,-73,8342718
22.5558,2019-09-08 18:44:59.673028,208.0,198.0,206.0,194.0,210.0,216.0,202.0,178.0,,-62,8343029
22.5879,2019-09-08 18:44:59.750157,184.0,190.0,184.0,192.0,178.0,182.0,184.0,190.0,,-31,8342953
22.6653,2019-09-08 18:44:59.763249,190.0,208.0,184.0,208.0,176.0,188.0,176.0,190.0,,-24,8343282
22.6781,2019-09-08 18:44:59.783560,190.0,184.0,204.0,204.0,182.0,188.0,176.0,182.0,,-22,8342904
22.6984,2019-09-08 18:44:59.813683,208.0,184.0,190.0,184.0,182.0,182.0,188.0,178.0,,-20,8343032
22.7285,2019-09-08 18:44:59.833757,210.0,210.0,190.0,184.0,182.0,180.0,182.0,180.0,,-20,8341673
22.7486,2019-09-08 18:44:59.861943,204.0,210.0,210.0,184.0,188.0,178.0,182.0,176.0,,-22,8342129
22.7769,2019-09-08 18:44:59.891283,184.0,184.0,204.0,184.0,188.0,178.0,182.0,180.0,,-24,8342019
22.8058,2019-09-08 18:44:59.910888,184.0,204.0,204.0,190.0,188.0,176.0,182.0,180.0,,-28,8342780
22.8256,2019-09-08 18:44:59.933300,210.0,190.0,184.0,204.0,188.0,178.0,182.0,186.0,,-33,8343174
22.8481,2019-09-08 18:44:59.963879,184.0,210.0,184.0,210.0,180.0,182.0,182.0,182.0,,-43,8343956
22.8787,2019-09-08 18:44:59.989698,210.0,188.0,210.0,184.0,176.0,182.0,182.0,188.0,,-52,8344410
22.9046,2019-09-08 18:45:00.003377,188.0,210.0,210.0,190.0,182.0,188.0,182.0,182.0,,-56,8343340
22.9181,2019-09-08 18:45:00.031300,184.0,204.0,184.0,204.0,182.0,182.0,184.0,180.0,,-65,8343309
22.9461,2019-09-08 18:45:00.054218,204.0,210.0,190.0,184.0,186.0,186.0,184.0,190.0,,-76,8344389
22.969,2019-09-08 18:45:00.083308,204.0,188.0,204.0,204.0,178.0,178.0,184.0,190.0,,-81,8343704
22.9981,2019-09-08 18:45:00.098922,190.0,190.0,190.0,186.0,188.0,194.0,182.0,190.0,,-85,8344752
23.0138,2019-09-08 18:45:00.134400,208.0,204.0,190.0,184.0,188.0,178.0,182.0,184.0,,-86,8344590
23.0494,2019-09-08 18:45:00.147441,186.0,206.0,190.0,184.0,178.0,246.0,272.0,182.0,,-86,8343814
23.0624,2019-09-08 18:45:00.188619,186.0,206.0,190.0,190.0,190.0,178.0,190.0,178.0,,-84,8343513
23.1034,2019-09-08 18:45:00.203747,184.0,206.0,206.0,206.0,426.0,178.0,188.0,186.0,,-84,8343628
23.1185,2019-09-08 18:45:00.226004,204.0,318.0,184.0,184.0,488.0,188.0,190.0,176.0,,-82,8343790
23.1408,2019-09-08 18:45:00.247200,412.0,428.0,454.0,494.0,488.0,204.0,482.0,212.0,,-81,8342828
23.162,2019-09-08 18:45:00.288467,190.0,606.0,184.0,642.0,476.0,176.0,472.0,226.0,,-79,8341482
23.2034,2019-09-08 18:45:00.300199,212.0,190.0,186.0,714.0,474.0,236.0,480.0,242.0,,-79,8340974
23.2153,2019-09-08 18:45:00.321344,216.0,190.0,192.0,720.0,486.0,250.0,182.0,494.0,,-80,8340776
23.2362,2019-09-08 18:45:00.348021,192.0,188.0,222.0,222.0,182.0,262.0,182.0,492.0,,-80,8341538
23.2628,2019-09-08 18:45:00.382342,190.0,190.0,192.0,228.0,488.0,270.0,250.0,184.0,,-80,8341278
23.2971,2019-09-08 18:45:00.397247,192.0,700.0,230.0,230.0,274.0,468.0,276.0,260.0,,-81,8342095
23.312,2019-09-08 18:45:00.445597,234.0,194.0,194.0,238.0,182.0,456.0,264.0,460.0,,-81,8341358
23.3604,2019-09-08 18:45:00.611926,606.0,220.0,198.0,248.0,220.0,230.0,218.0,178.0,,-85,8343894
23.5264,2019-09-08 18:45:00.625499,294.0,218.0,296.0,296.0,580.0,576.0,232.0,220.0,,-85,8343531
23.5403,2019-09-08 18:45:00.651502,220.0,282.0,406.0,300.0,220.0,178.0,546.0,236.0,,-85,8343527
23.5665,2019-09-08 18:45:00.683323,300.0,288.0,222.0,304.0,224.0,180.0,238.0,238.0,,-85,8342825
23.5981,2019-09-08 18:45:00.695129,390.0,388.0,296.0,380.0,238.0,226.0,180.0,226.0,,-84,8342569
23.6099,2019-09-08 18:45:00.718408,368.0,304.0,318.0,358.0,180.0,386.0,230.0,346.0,,-83,8342714
23.6331,2019-09-08 18:45:00.745887,230.0,324.0,324.0,332.0,180.0,306.0,178.0,224.0,,-81,8342586
23.6606,2019-09-08 18:45:00.787327,322.0,304.0,304.0,326.0,178.0,240.0,212.0,220.0,,-76,8342891
23.7021,2019-09-08 18:45:00.795670,304.0,298.0,298.0,296.0,208.0,216.0,176.0,200.0,,-75,8342825
23.7102,2019-09-08 18:45:00.813793,320.0,320.0,214.0,316.0,198.0,212.0,178.0,198.0,,-74,8343365
23.7283,2019-09-08 18:45:00.839547,254.0,268.0,206.0,304.0,192.0,204.0,200.0,176.0,,-71,8343610
23.754,2019-09-08 18:45:00.863096,296.0,202.0,200.0,228.0,176.0,176.0,194.0,186.0,,-68,8342946
23.7776,2019-09-08 18:45:00.888700,280.0,238.0,196.0,276.0,192.0,184.0,190.0,184.0,,-67,8343801
23.8043,2019-09-08 18:45:00.911914,194.0,262.0,258.0,192.0,190.0,176.0,194.0,184.0,,-66,8342773
23.8268,2019-09-08 18:45:00.935817,224.0,210.0,222.0,244.0,190.0,184.0,190.0,176.0,,-67,8342974
23.8515,2019-09-08 18:45:00.959031,238.0,236.0,220.0,220.0,192.0,192.0,190.0,192.0,,-68,8343662
23.8739,2019-09-08 18:45:00.993681,190.0,194.0,188.0,220.0,192.0,190.0,176.0,192.0,,-70,8342814
23.9085,2019-09-08 18:45:01.011455,188.0,220.0,220.0,192.0,192.0,184.0,186.0,192.0,,-71,8343050
23.9274,2019-09-08 18:45:01.036443,220.0,190.0,184.0,186.0,186.0,198.0,188.0,210.0,,-73,8343171
23.9517,2019-09-08 18:45:01.062500,210.0,208.0,220.0,208.0,190.0,210.0,190.0,206.0,,-73,8343060
23.9776,2019-09-08 18:45:01.092934,184.0,208.0,220.0,220.0,204.0,202.0,194.0,196.0,,-74,8342818
24.0082,2019-09-08 18:45:01.113257,188.0,188.0,188.0,188.0,196.0,198.0,176.0,206.0,,-74,8343835
24.0278,2019-09-08 18:45:01.137833,220.0,184.0,220.0,220.0,204.0,176.0,206.0,176.0,,-75,8343437
24.0523,2019-09-08 18:45:01.164896,184.0,206.0,220.0,184.0,208.0,210.0,178.0,178.0,,-77,8343244
24.0794,2019-09-08 18:45:01.228214,206.0,206.0,184.0,220.0,180.0,248.0,238.0,252.0,,-79,8343579
24.1427,2019-09-08 18:45:01.244139,218.0,188.0,206.0,188.0,180.0,230.0,244.0,246.0,,-79,8342728
24.1587,2019-09-08 18:45:01.256693,206.0,218.0,206.0,190.0,232.0,180.0,180.0,254.0,,-80,8343600
24.1719,2019-09-08 18:45:01.274199,184.0,218.0,188.0,184.0,238.0,182.0,250.0,262.0,,-80,8344334
24.1888,2019-09-08 18:45:01.307082,206.0,230.0,230.0,190.0,248.0,248.0,242.0,244.0,,-81,8344036
24.2222,2019-09-08 18:45:01.322605,184.0,190.0,186.0,238.0,248.0,270.0,182.0,182.0,,-81,8344351
24.2372,2019-09-08 18:45:01.361150,256.0,194.0,216.0,186.0,246.0,272.0,250.0,184.0,,-82,8343150
24.2757,2019-09-08 18:45:01.378614,194.0,312.0,324.0,194.0,254.0,274.0,244.0,184.0,,-82,8342237
24.2931,2019-09-08 18:45:01.402177,186.0,198.0,358.0,360.0,244.0,278.0,278.0,258.0,,-83,8343752
24.3167,2019-09-08 18:45:01.423788,216.0,216.0,198.0,186.0,186.0,240.0,280.0,260.0,,-83,8343358
24.3383,2019-09-08 18:45:01.451248,218.0,198.0,372.0,372.0,186.0,238.0,282.0,262.0,,-84,8344323
24.3658,2019-09-08 18:45:01.475120,186.0,198.0,186.0,198.0,262.0,186.0,234.0,284.0,,-84,8343811
24.3898,2019-09-08 18:45:01.516833,220.0,198.0,376.0,198.0,264.0,188.0,230.0,284.0,,-85,8342462
24.4324,2019-09-08 18:45:01.550737,186.0,220.0,200.0,186.0,284.0,284.0,188.0,188.0,,-85,8342742
24.4655,2019-09-08 18:45:01.594242,188.0,202.0,186.0,398.0,284.0,264.0,188.0,228.0,,-86,8343894
24.509,2019-09-08 18:45:01.632144,398.0,398.0,398.0,202.0,188.0,228.0,284.0,264.0,,-86,8343804
24.5469,2019-09-08 18:45:01.654604,224.0,204.0,188.0,224.0,284.0,228.0,188.0,264.0,,-86,8344534
24.5694,2019-09-08 18:45:01.701427,204.0,188.0,188.0,226.0,190.0,286.0,266.0,266.0,,-86,8344116
24.6162,2019-09-08 18:45:01.727580,394.0,188.0,228.0,204.0,224.0,268.0,192.0,192.0,,-86,8343870
24.6423,2019-09-08 18:45:01.757188,226.0,206.0,188.0,226.0,222.0,288.0,266.0,266.0,,-87,8343773
24.6719,2019-09-08 18:45:01.835400,228.0,204.0,390.0,206.0,194.0,266.0,192.0,266.0,,-87,8344109
24.7502,2019-09-08 18:45:01.850784,228.0,390.0,206.0,228.0,288.0,266.0,192.0,290.0,,-87,8344109
24.7656,2019-09-08 18:45:01.858914,206.0,188.0,226.0,228.0,266.0,192.0,222.0,222.0,,-87,8344593
24.7737,2019-09-08 18:45:01.876656,204.0,392.0,394.0,188.0,290.0,266.0,192.0,222.0,,-87,8344444
24.7914,2019-09-08 18:45:01.904230,394.0,228.0,204.0,226.0,222.0,292.0,292.0,266.0,,-87,8344593
24.8191,2019-09-08 18:45:01.928385,188.0,394.0,204.0,226.0,192.0,192.0,222.0,292.0,,-87,8343991
24.8431,2019-09-08 18:45:01.968057,394.0,204.0,188.0,226.0,192.0,266.0,192.0,222.0,,-87,8343870
24.8828,2019-09-08 18:45:01.976518,188.0,226.0,204.0,186.0,192.0,266.0,192.0,294.0,,-87,8344631
24.8913,2019-09-08 18:45:01.998968,226.0,204.0,188.0,394.0,266.0,294.0,224.0,294.0,,-87,8343309
24.9139,2019-09-08 18:45:02.027221,226.0,204.0,188.0,226.0,264.0,192.0,192.0,294.0,,-87,8343680
24.942,2019-09-08 18:45:02.049852,226.0,204.0,188.0,226.0,224.0,294.0,264.0,192.0,,-87,8344050
24.9643,2019-09-08 18:45:02.077126,226.0,226.0,394.0,204.0,294.0,294.0,264.0,192.0,,-87,8343403
24.992,2019-09-08 18:45:02.103652,394.0,226.0,394.0,204.0,296.0,296.0,228.0,296.0,,-87,8343655
25.0184,2019-09-08 18:45:02.128233,204.0,394.0,204.0,204.0,264.0,192.0,230.0,294.0,,-87,8343358
25.043,2019-09-08 18:45:02.151354,226.0,396.0,396.0,206.0,264.0,190.0,230.0,294.0,,-87,8343552
25.0663,2019-09-08 18:45:02.185327,396.0,226.0,396.0,396.0,230.0,230.0,294.0,294.0,,-87,8344164
25.1001,2019-09-08 18:45:02.201057,226.0,204.0,186.0,226.0,262.0,190.0,292.0,262.0,,-87,8343856
25.1158,2019-09-08 18:45:02.228858,186.0,226.0,398.0,204.0,292.0,262.0,230.0,230.0,,-87,8343863
25.1436,2019-09-08 18:45:02.248612,398.0,398.0,204.0,188.0,292.0,262.0,190.0,290.0,,-87,8344309
25.1634,2019-09-08 18:45:02.272918,226.0,226.0,186.0,204.0,190.0,290.0,260.0,190.0,,-87,8344088
25.1877,2019-09-08 18:45:02.298359,226.0,398.0,204.0,188.0,260.0,190.0,230.0,260.0,,-88,8343946
25.2133,2019-09-08 18:45:02.324784,188.0,226.0,204.0,186.0,230.0,288.0,288.0,260.0,,-88,8343884
25.2396,2019-09-08 18:45:02.348369,226.0,186.0,204.0,188.0,190.0,230.0,288.0,190.0,,-88,8343773
25.2632,2019-09-08 18:45:02.373639,204.0,226.0,204.0,398.0,230.0,230.0,288.0,260.0,,-88,8344026
25.2884,2019-09-08 18:45:02.397856,186.0,204.0,398.0,186.0,228.0,230.0,288.0,288.0,,-88,8343994
25.3126,2019-09-08 18:45:02.425051,224.0,224.0,398.0,204.0,228.0,288.0,260.0,228.0,,-88,8344344
25.3399,2019-09-08 18:45:02.450460,226.0,186.0,224.0,186.0,260.0,262.0,190.0,260.0,,-88,8344199
25.3654,2019-09-08 18:45:02.474434,188.0,226.0,398.0,204.0,288.0,288.0,190.0,226.0,,-88,8344237
25.3895,2019-09-08 18:45:02.499316,188.0,398.0,186.0,188.0,190.0,226.0,286.0,260.0,,-88,8343628
25.4141,2019-09-08 18:45:02.540478,226.0,226.0,398.0,398.0,286.0,224.0,224.0,190.0,,-88,8343922
25.4554,2019-09-08 18:45:02.555297,398.0,226.0,398.0,186.0,286.0,260.0,224.0,284.0,,-88,8344323
25.47,2019-09-08 18:45:02.578250,204.0,226.0,204.0,226.0,224.0,284.0,260.0,190.0,,-88,8343936
25.4928,2019-09-08 18:45:02.602639,188.0,204.0,186.0,204.0,224.0,284.0,260.0,190.0,,-88,8343776
25.5176,2019-09-08 18:45:02.629799,188.0,226.0,398.0,204.0,260.0,282.0,284.0,260.0,,-88,8343801
25.5447,2019-09-08 18:45:02.652125,398.0,204.0,186.0,224.0,190.0,222.0,222.0,282.0,,-88,8343548
25.5669,2019-09-08 18:45:02.677554,204.0,186.0,226.0,224.0,260.0,190.0,222.0,282.0,,-88,8343403
25.5923,2019-09-08 18:45:02.703616,224.0,400.0,202.0,186.0,280.0,222.0,190.0,222.0,,-88,8343981
25.6184,2019-09-08 18:45:02.731133,224.0,224.0,202.0,186.0,190.0,222.0,190.0,258.0,,-88,8344389
25.6459,2019-09-08 18:45:02.755331,224.0,202.0,186.0,224.0,280.0,190.0,280.0,222.0,,-88,8343368
25.6698,2019-09-08 18:45:02.793376,404.0,202.0,186.0,404.0,258.0,258.0,190.0,222.0,,-88,8343597
25.7082,2019-09-08 18:45:02.809409,404.0,202.0,186.0,406.0,190.0,220.0,278.0,188.0,,-88,8343745
25.7242,2019-09-08 18:45:02.836818,200.0,186.0,224.0,406.0,190.0,222.0,278.0,258.0,,-88,8344552
25.7516,2019-09-08 18:45:02.855647,406.0,186.0,224.0,406.0,222.0,190.0,222.0,190.0,,-88,8343880
25.7702,2019-09-08 18:45:02.881166,200.0,186.0,224.0,406.0,222.0,278.0,260.0,190.0,,-88,8344430
25.7957,2019-09-08 18:45:02.907522,200.0,186.0,224.0,200.0,258.0,224.0,278.0,258.0,,-88,8344479
25.8226,2019-09-08 18:45:02.936149,200.0,186.0,406.0,200.0,224.0,190.0,226.0,274.0,,-88,8343773
25.8512,2019-09-08 18:45:02.960653,224.0,406.0,200.0,200.0,226.0,188.0,226.0,274.0,,-88,8344410
25.8755,2019-09-08 18:45:02.982107,224.0,224.0,224.0,186.0,256.0,188.0,256.0,190.0,,-88,8344607
25.8974,2019-09-08 18:45:03.008409,200.0,224.0,200.0,200.0,272.0,272.0,254.0,188.0,,-88,8343832
25.9242,2019-09-08 18:45:03.049459,186.0,222.0,200.0,186.0,230.0,254.0,188.0,232.0,,-88,8344552
25.9643,2019-09-08 18:45:03.061501,408.0,222.0,408.0,186.0,188.0,232.0,268.0,254.0,,-88,8344648
25.9765,2019-09-08 18:45:03.084729,186.0,222.0,410.0,222.0,188.0,232.0,268.0,252.0,,-88,8343783
25.9997,2019-09-08 18:45:03.110809,222.0,222.0,412.0,222.0,188.0,252.0,232.0,266.0,,-88,8344375
26.0254,2019-09-08 18:45:03.153012,222.0,412.0,222.0,198.0,252.0,188.0,232.0,264.0,,-88,8344122
26.0678,2019-09-08 18:45:03.167493,414.0,186.0,222.0,186.0,264.0,250.0,188.0,232.0,,-88,8344614
26.0823,2019-09-08 18:45:03.190743,186.0,414.0,198.0,414.0,232.0,264.0,232.0,188.0,,-88,8344244
26.1055,2019-09-08 18:45:03.214465,186.0,186.0,198.0,416.0,188.0,232.0,188.0,188.0,,-88,8343956
26.1294,2019-09-08 18:45:03.246025,198.0,186.0,186.0,222.0,234.0,234.0,260.0,248.0,,-88,8344590
26.1608,2019-09-08 18:45:03.266743,198.0,222.0,416.0,198.0,188.0,234.0,260.0,246.0,,-88,8344711
26.1817,2019-09-08 18:45:03.293191,222.0,186.0,414.0,198.0,246.0,188.0,236.0,258.0,,-88,8344510
26.2081,2019-09-08 18:45:03.317345,186.0,416.0,222.0,186.0,186.0,236.0,256.0,186.0,,-88,8344171
26.2322,2019-09-08 18:45:03.356728,186.0,414.0,200.0,186.0,254.0,244.0,186.0,238.0,,-88,8344849
26.2714,2019-09-08 18:45:03.380179,186.0,416.0,198.0,416.0,254.0,186.0,186.0,240.0,,-88,8344901
26.2956,2019-09-08 18:45:03.398123,222.0,198.0,186.0,222.0,252.0,242.0,242.0,252.0,,-88,8344503
26.3131,2019-09-08 18:45:03.422222,416.0,200.0,416.0,222.0,240.0,240.0,242.0,242.0,,-88,8344859
26.3368,2019-09-08 18:45:03.457352,198.0,416.0,186.0,222.0,242.0,248.0,238.0,238.0,,-88,8345074
26.3723,2019-09-08 18:45:03.473252,416.0,416.0,186.0,414.0,242.0,248.0,242.0,186.0,,-88,8344866
26.3883,2019-09-08 18:45:03.496714,186.0,186.0,222.0,414.0,244.0,186.0,236.0,184.0,,-88,8345593
26.4115,2019-09-08 18:45:03.523192,200.0,200.0,222.0,416.0,246.0,246.0,236.0,186.0,,-88,8345209
26.4379,2019-09-08 18:45:03.577197,200.0,186.0,416.0,200.0,246.0,236.0,236.0,244.0,,-88,8344468
26.4921,2019-09-08 18:45:03.593877,200.0,224.0,200.0,186.0,184.0,244.0,234.0,184.0,,-88,8344697
26.5088,2019-09-08 18:45:03.619235,186.0,416.0,198.0,186.0,244.0,244.0,246.0,234.0,,-88,8344652
26.534,2019-09-08 18:45:03.641437,414.0,200.0,198.0,186.0,184.0,246.0,234.0,184.0,,-88,8345752
26.5564,2019-09-08 18:45:03.671410,222.0,198.0,186.0,414.0,244.0,246.0,246.0,234.0,,-88,8345240
26.5862,2019-09-08 18:45:03.691060,414.0,198.0,186.0,414.0,246.0,234.0,184.0,246.0,,-88,8345278
26.6058,2019-09-08 18:45:03.716480,198.0,414.0,222.0,186.0,244.0,236.0,184.0,244.0,,-88,8345344
26.6309,2019-09-08 18:45:03.737892,416.0,222.0,186.0,416.0,246.0,184.0,246.0,246.0,,-88,8345154
26.6527,2019-09-08 18:45:03.805343,418.0,186.0,186.0,200.0,246.0,234.0,184.0,246.0,,-88,8345832
26.7201,2019-09-08 18:45:03.811909,186.0,422.0,200.0,186.0,246.0,234.0,236.0,246.0,,-88,8344801
26.7268,2019-09-08 18:45:03.835114,186.0,418.0,418.0,186.0,236.0,184.0,248.0,246.0,,-88,8344309
26.7499,2019-09-08 18:45:03.860828,186.0,222.0,200.0,186.0,236.0,184.0,248.0,248.0,,-88,8345105
