time_index,time_stamp,L1,L2,L3,L4,R1,R2,R3,R4,Futek,ENC2
0.0005,2019-09-08 18:45:27.150234,190.0,242.0,218.0,190.0,346.0,236.0,226.0,180.0,,-89,8342365
0.789,2019-09-08 18:45:27.185502,218.0,378.0,242.0,216.0,180.0,226.0,236.0,182.0,,-89,8342776
0.8239,2019-09-08 18:45:27.209313,188.0,188.0,378.0,242.0,346.0,236.0,226.0,180.0,,-89,8342925
0.8477,2019-09-08 18:45:27.229396,376.0,218.0,378.0,218.0,182.0,346.0,236.0,182.0,,-89,8342095
0.8678,2019-09-08 18:45:27.254579,190.0,242.0,188.0,376.0,226.0,226.0,346.0,346.0,,-89,8342361
0.8929,2019-09-08 18:45:27.325299,190.0,378.0,376.0,216.0,238.0,228.0,180.0,228.0,,-89,8342060
0.9641,2019-09-08 18:45:27.342643,218.0,218.0,376.0,376.0,236.0,182.0,346.0,238.0,,-89,8343264
0.9811,2019-09-08 18:45:27.356586,188.0,242.0,218.0,190.0,346.0,346.0,182.0,236.0,,-89,8342596
0.9949,2019-09-08 18:45:27.391441,190.0,242.0,376.0,216.0,182.0,346.0,236.0,226.0,,-89,8341887
1.0298,2019-09-08 18:45:27.414296,242.0,378.0,378.0,188.0,182.0,226.0,226.0,182.0,,-89,8343053
1.0527,2019-09-08 18:45:27.435039,378.0,378.0,216.0,190.0,348.0,348.0,236.0,226.0,,-89,8342669
1.0734,2019-09-08 18:45:27.462186,242.0,218.0,190.0,190.0,182.0,348.0,226.0,226.0,,-89,8342669
1.1006,2019-09-08 18:45:27.492475,242.0,378.0,378.0,190.0,180.0,182.0,348.0,226.0,,-89,8342126
1.1319,2019-09-08 18:45:27.514548,242.0,218.0,378.0,242.0,180.0,348.0,226.0,226.0,,-89,8342337
1.153,2019-09-08 18:45:27.538147,190.0,376.0,218.0,378.0,348.0,234.0,348.0,234.0,,-89,8342565
1.1766,2019-09-08 18:45:27.607666,242.0,242.0,190.0,378.0,226.0,180.0,348.0,236.0,,-89,8342555
1.2461,2019-09-08 18:45:27.626108,218.0,376.0,218.0,376.0,348.0,226.0,226.0,182.0,,-89,8342468
1.2645,2019-09-08 18:45:27.645248,242.0,188.0,242.0,242.0,346.0,236.0,226.0,182.0,,-89,8342368
1.2837,2019-09-08 18:45:27.678247,376.0,218.0,190.0,190.0,236.0,346.0,236.0,228.0,,-89,8342334
1.3166,2019-09-08 18:45:27.699528,242.0,190.0,376.0,218.0,228.0,182.0,346.0,236.0,,-89,8342548
1.3379,2019-09-08 18:45:27.729911,376.0,190.0,218.0,218.0,228.0,182.0,346.0,180.0,,-89,8342154
1.3685,2019-09-08 18:45:27.750798,242.0,190.0,218.0,190.0,346.0,236.0,180.0,180.0,,-89,8341925
1.3892,2019-09-08 18:45:27.777296,376.0,242.0,376.0,218.0,228.0,182.0,238.0,238.0,,-89,8342275
1.4157,2019-09-08 18:45:27.802947,188.0,218.0,376.0,376.0,228.0,228.0,348.0,238.0,,-89,8342223
1.4414,2019-09-08 18:45:27.832115,242.0,242.0,190.0,242.0,228.0,182.0,348.0,238.0,,-89,8342050
1.4709,2019-09-08 18:45:27.854537,218.0,188.0,242.0,374.0,226.0,226.0,350.0,238.0,,-89,8342756
1.4933,2019-09-08 18:45:27.885409,376.0,376.0,218.0,374.0,226.0,226.0,182.0,236.0,,-89,8342794
1.5238,2019-09-08 18:45:27.904661,374.0,374.0,374.0,374.0,226.0,182.0,350.0,236.0,,-89,8342510
1.5432,2019-09-08 18:45:27.939940,374.0,242.0,374.0,188.0,350.0,350.0,236.0,182.0,,-89,8342202
1.5788,2019-09-08 18:45:27.960195,190.0,242.0,188.0,218.0,350.0,182.0,350.0,236.0,,-89,8342465
1.5987,2019-09-08 18:45:27.995399,190.0,218.0,190.0,218.0,350.0,236.0,236.0,182.0,,-89,8342700
1.6338,2019-09-08 18:45:28.009486,190.0,242.0,374.0,190.0,350.0,226.0,226.0,350.0,,-89,8342662
1.6479,2019-09-08 18:45:28.039105,190.0,242.0,374.0,218.0,236.0,348.0,238.0,226.0,,-89,8342579
1.6775,2019-09-08 18:45:28.063212,190.0,190.0,242.0,188.0,182.0,182.0,238.0,228.0,,-89,8342257
1.7019,2019-09-08 18:45:28.090001,374.0,372.0,218.0,190.0,228.0,182.0,346.0,238.0,,-89,8341894
1.7285,2019-09-08 18:45:28.113365,372.0,372.0,372.0,242.0,240.0,228.0,182.0,344.0,,-89,8342140
1.7518,2019-09-08 18:45:28.142415,218.0,218.0,218.0,372.0,182.0,228.0,182.0,344.0,,-89,8342763
1.7808,2019-09-08 18:45:28.166331,242.0,372.0,190.0,242.0,344.0,230.0,182.0,344.0,,-88,8342773
1.8047,2019-09-08 18:45:28.197868,372.0,190.0,190.0,218.0,342.0,182.0,230.0,240.0,,-88,8342676
1.8362,2019-09-08 18:45:28.228557,372.0,190.0,242.0,218.0,342.0,240.0,230.0,240.0,,-88,8342579
1.8669,2019-09-08 18:45:28.248115,190.0,372.0,218.0,190.0,342.0,182.0,232.0,182.0,,-88,8342133
1.8865,2019-09-08 18:45:28.274422,242.0,190.0,372.0,372.0,242.0,232.0,232.0,242.0,,-88,8342334
1.9128,2019-09-08 18:45:28.300757,242.0,190.0,242.0,190.0,230.0,182.0,340.0,242.0,,-88,8341898
1.9392,2019-09-08 18:45:28.334489,218.0,218.0,190.0,242.0,232.0,182.0,338.0,232.0,,-88,8342565
1.9732,2019-09-08 18:45:28.361855,190.0,242.0,218.0,190.0,182.0,232.0,240.0,338.0,,-88,8342375
2.0003,2019-09-08 18:45:28.393291,190.0,218.0,190.0,242.0,242.0,230.0,182.0,336.0,,-88,8341821
2.0317,2019-09-08 18:45:28.414457,242.0,370.0,370.0,190.0,242.0,182.0,336.0,242.0,,-88,8342015
2.0528,2019-09-08 18:45:28.446772,190.0,190.0,370.0,370.0,242.0,232.0,182.0,242.0,,-88,8342738
2.0851,2019-09-08 18:45:28.472223,242.0,190.0,372.0,218.0,242.0,232.0,182.0,336.0,,-88,8341828
2.1106,2019-09-08 18:45:28.529092,372.0,190.0,372.0,242.0,242.0,232.0,336.0,334.0,,-88,8342289
2.1676,2019-09-08 18:45:28.535480,242.0,218.0,372.0,218.0,182.0,242.0,232.0,182.0,,-88,8342372
2.1738,2019-09-08 18:45:28.551652,218.0,190.0,242.0,218.0,182.0,334.0,244.0,234.0,,-88,8342067
2.19,2019-09-08 18:45:28.578065,218.0,372.0,218.0,190.0,182.0,244.0,332.0,232.0,,-88,8342936
2.2165,2019-09-08 18:45:28.606485,190.0,242.0,242.0,372.0,234.0,182.0,332.0,234.0,,-88,8342797
2.2449,2019-09-08 18:45:28.641268,372.0,242.0,190.0,218.0,182.0,332.0,244.0,234.0,,-88,8341496
2.2797,2019-09-08 18:45:28.664609,242.0,218.0,218.0,190.0,244.0,236.0,182.0,332.0,,-88,8342648
2.303,2019-09-08 18:45:28.691844,218.0,190.0,190.0,242.0,244.0,234.0,182.0,332.0,,-88,8342676
2.3302,2019-09-08 18:45:28.726715,188.0,242.0,218.0,190.0,182.0,242.0,242.0,234.0,,-88,8341693
2.3651,2019-09-08 18:45:28.762103,188.0,190.0,242.0,242.0,182.0,334.0,242.0,232.0,,-88,8342212
2.4005,2019-09-08 18:45:28.780153,374.0,242.0,188.0,374.0,242.0,182.0,334.0,334.0,,-88,8342970
2.4186,2019-09-08 18:45:28.812112,242.0,216.0,190.0,216.0,232.0,182.0,336.0,336.0,,-88,8341769
2.4505,2019-09-08 18:45:28.832886,240.0,216.0,374.0,216.0,240.0,182.0,336.0,336.0,,-88,8343261
2.4712,2019-09-08 18:45:28.867272,216.0,190.0,374.0,374.0,240.0,230.0,182.0,338.0,,-88,8342029
2.5056,2019-09-08 18:45:28.888936,216.0,374.0,216.0,190.0,238.0,230.0,182.0,336.0,,-88,8343116
2.5274,2019-09-08 18:45:28.933459,188.0,374.0,374.0,240.0,338.0,238.0,182.0,182.0,,-88,8342541
2.5719,2019-09-08 18:45:28.962270,374.0,240.0,188.0,216.0,338.0,238.0,228.0,182.0,,-88,8342289
2.6007,2019-09-08 18:45:28.982245,240.0,374.0,374.0,188.0,180.0,338.0,238.0,228.0,,-88,8342026
2.6207,2019-09-08 18:45:29.093565,240.0,188.0,374.0,216.0,228.0,336.0,336.0,238.0,,-88,8342084
2.732,2019-09-08 18:45:29.102694,374.0,216.0,216.0,372.0,228.0,182.0,338.0,236.0,,-88,8342579
2.7411,2019-09-08 18:45:29.122240,216.0,190.0,372.0,372.0,236.0,182.0,182.0,338.0,,-88,8342673
2.7606,2019-09-08 18:45:29.167609,216.0,372.0,216.0,240.0,228.0,182.0,182.0,338.0,,-88,8342621
2.8061,2019-09-08 18:45:29.192905,190.0,240.0,372.0,372.0,234.0,226.0,182.0,340.0,,-88,8342513
2.8315,2019-09-08 18:45:29.219115,372.0,240.0,216.0,188.0,182.0,338.0,234.0,182.0,,-88,8342683
2.8575,2019-09-08 18:45:29.252057,372.0,372.0,216.0,216.0,182.0,234.0,234.0,228.0,,-88,8342849
2.8905,2019-09-08 18:45:29.275173,240.0,240.0,370.0,216.0,182.0,234.0,234.0,226.0,,-88,8342603
2.9136,2019-09-08 18:45:29.296425,190.0,190.0,216.0,370.0,182.0,340.0,234.0,226.0,,-88,8342095
2.9352,2019-09-08 18:45:29.337209,240.0,370.0,216.0,188.0,340.0,340.0,234.0,226.0,,-88,8342091
2.9756,2019-09-08 18:45:29.357279,370.0,370.0,216.0,238.0,226.0,340.0,338.0,234.0,,-88,8342434
2.9957,2019-09-08 18:45:29.380805,240.0,238.0,188.0,190.0,226.0,182.0,234.0,226.0,,-88,8342738
3.0192,2019-09-08 18:45:29.400400,238.0,238.0,214.0,190.0,226.0,182.0,338.0,234.0,,-88,8343212
3.039,2019-09-08 18:45:29.427603,190.0,238.0,216.0,190.0,228.0,180.0,338.0,234.0,,-88,8342648
3.066,2019-09-08 18:45:29.475790,238.0,238.0,216.0,370.0,226.0,182.0,338.0,180.0,,-88,8342368
3.1141,2019-09-08 18:45:29.482045,188.0,214.0,188.0,238.0,226.0,228.0,226.0,182.0,,-88,8343001
3.1206,2019-09-08 18:45:29.521175,238.0,188.0,372.0,214.0,182.0,336.0,182.0,182.0,,-88,8341949
3.1596,2019-09-08 18:45:29.537343,214.0,190.0,372.0,372.0,234.0,228.0,182.0,336.0,,-88,8342289
3.1761,2019-09-08 18:45:29.577123,372.0,214.0,214.0,238.0,182.0,236.0,228.0,182.0,,-88,8342631
3.2156,2019-09-08 18:45:29.593929,190.0,238.0,372.0,238.0,228.0,336.0,336.0,228.0,,-88,8342157
3.2336,2019-09-08 18:45:29.622207,372.0,238.0,372.0,214.0,228.0,228.0,336.0,336.0,,-88,8342327
3.2606,2019-09-08 18:45:29.645328,188.0,374.0,372.0,238.0,236.0,234.0,182.0,234.0,,-88,8342057
3.2838,2019-09-08 18:45:29.676417,374.0,214.0,238.0,188.0,228.0,228.0,336.0,234.0,,-88,8342524
3.3149,2019-09-08 18:45:29.705814,214.0,374.0,188.0,238.0,236.0,228.0,182.0,182.0,,-88,8342378
3.3445,2019-09-08 18:45:29.737683,238.0,214.0,190.0,214.0,226.0,234.0,336.0,182.0,,-88,8342790
3.3765,2019-09-08 18:45:29.763766,238.0,214.0,190.0,238.0,234.0,336.0,180.0,336.0,,-88,8342088
3.4022,2019-09-08 18:45:29.787925,374.0,214.0,214.0,374.0,226.0,234.0,338.0,180.0,,-88,8341825
3.4264,2019-09-08 18:45:29.812285,214.0,238.0,214.0,376.0,338.0,234.0,182.0,336.0,,-88,8341946
3.4506,2019-09-08 18:45:29.841295,214.0,190.0,238.0,376.0,182.0,336.0,182.0,336.0,,-88,8341790
3.4797,2019-09-08 18:45:29.868585,214.0,376.0,214.0,376.0,234.0,336.0,336.0,234.0,,-88,8342385
3.507,2019-09-08 18:45:29.894975,238.0,376.0,214.0,376.0,226.0,228.0,336.0,336.0,,-88,8342043
3.5334,2019-09-08 18:45:29.924424,238.0,214.0,188.0,238.0,182.0,336.0,234.0,228.0,,-88,8343064
3.5628,2019-09-08 18:45:29.951705,190.0,190.0,376.0,214.0,182.0,226.0,234.0,228.0,,-88,8342967
3.5905,2019-09-08 18:45:29.982849,214.0,188.0,238.0,376.0,236.0,228.0,182.0,236.0,,-88,8342116
3.6212,2019-09-08 18:45:30.011476,214.0,190.0,238.0,188.0,236.0,182.0,338.0,338.0,,-88,8342898
3.65,2019-09-08 18:45:30.037353,214.0,190.0,238.0,214.0,228.0,182.0,338.0,338.0,,-88,8342763
3.6757,2019-09-08 18:45:30.066666,214.0,188.0,238.0,376.0,338.0,234.0,226.0,182.0,,-88,8342558
3.7051,2019-09-08 18:45:30.092173,238.0,190.0,238.0,376.0,182.0,338.0,234.0,226.0,,-88,8343157
3.7305,2019-09-08 18:45:30.115386,214.0,188.0,240.0,214.0,182.0,340.0,182.0,340.0,,-88,8342122
3.7538,2019-09-08 18:45:30.145724,214.0,190.0,240.0,238.0,226.0,180.0,182.0,234.0,,-88,8342590
3.7843,2019-09-08 18:45:30.186216,240.0,240.0,188.0,376.0,226.0,234.0,226.0,182.0,,-88,8342389
3.8248,2019-09-08 18:45:30.204252,376.0,240.0,376.0,240.0,340.0,234.0,226.0,182.0,,-88,8341811
3.8426,2019-09-08 18:45:30.226207,240.0,188.0,240.0,240.0,226.0,182.0,226.0,182.0,,-88,8341974
3.8648,2019-09-08 18:45:30.334134,214.0,190.0,190.0,214.0,340.0,236.0,226.0,180.0,,-88,8342711
3.9725,2019-09-08 18:45:30.354941,240.0,214.0,376.0,214.0,338.0,180.0,226.0,182.0,,-88,8341593
3.9933,2019-09-08 18:45:30.401143,240.0,240.0,214.0,376.0,228.0,182.0,228.0,180.0,,-88,8342579
4.0395,2019-09-08 18:45:30.407542,188.0,214.0,190.0,240.0,338.0,236.0,226.0,182.0,,-88,8342579
4.0459,2019-09-08 18:45:30.423826,190.0,214.0,190.0,376.0,338.0,182.0,228.0,182.0,,-88,8342337
4.0623,2019-09-08 18:45:30.453401,188.0,376.0,374.0,188.0,338.0,236.0,182.0,340.0,,-88,8342240
4.092,2019-09-08 18:45:30.487520,190.0,214.0,190.0,190.0,236.0,226.0,182.0,340.0,,-88,8341849
4.126,2019-09-08 18:45:30.505794,190.0,240.0,216.0,190.0,236.0,340.0,236.0,236.0,,-88,8342669
4.1443,2019-09-08 18:45:30.534417,374.0,214.0,190.0,214.0,226.0,236.0,226.0,340.0,,-88,8342458
4.1728,2019-09-08 18:45:30.562506,374.0,374.0,214.0,240.0,228.0,236.0,226.0,182.0,,-88,8341859
4.2009,2019-09-08 18:45:30.596693,374.0,214.0,190.0,240.0,182.0,340.0,182.0,226.0,,-88,8342302
4.2351,2019-09-08 18:45:30.620248,216.0,216.0,240.0,216.0,236.0,182.0,340.0,236.0,,-88,8342413
4.2587,2019-09-08 18:45:30.646453,240.0,216.0,190.0,214.0,228.0,182.0,338.0,182.0,,-88,8342572
4.2849,2019-09-08 18:45:30.674907,240.0,216.0,372.0,216.0,182.0,236.0,236.0,228.0,,-88,8342932
4.3133,2019-09-08 18:45:30.709337,216.0,372.0,240.0,372.0,182.0,338.0,182.0,228.0,,-88,8341790
4.3477,2019-09-08 18:45:30.730904,188.0,372.0,216.0,372.0,236.0,338.0,182.0,338.0,,-88,8342420
4.3693,2019-09-08 18:45:30.762691,372.0,214.0,190.0,372.0,182.0,338.0,236.0,228.0,,-88,8342700
4.4013,2019-09-08 18:45:30.790302,372.0,216.0,190.0,370.0,228.0,182.0,338.0,238.0,,-88,8342994
4.429,2019-09-08 18:45:30.820839,370.0,240.0,240.0,240.0,182.0,336.0,236.0,182.0,,-88,8342763
4.4593,2019-09-08 18:45:30.847104,370.0,216.0,216.0,214.0,238.0,336.0,238.0,230.0,,-88,8342814
4.4857,2019-09-08 18:45:30.874521,190.0,240.0,370.0,216.0,238.0,230.0,182.0,334.0,,-88,8342904
4.513,2019-09-08 18:45:30.904412,216.0,240.0,190.0,370.0,334.0,238.0,230.0,182.0,,-88,8342915
4.5429,2019-09-08 18:45:30.932358,240.0,240.0,370.0,370.0,334.0,334.0,238.0,230.0,,-88,8342524
4.5709,2019-09-08 18:45:30.961897,216.0,240.0,370.0,216.0,332.0,240.0,240.0,230.0,,-88,8342648
4.6003,2019-09-08 18:45:30.987921,242.0,240.0,370.0,216.0,332.0,240.0,230.0,182.0,,-88,8343032
4.6263,2019-09-08 18:45:31.013849,370.0,188.0,190.0,240.0,232.0,182.0,332.0,240.0,,-88,8342666
4.6522,2019-09-08 18:45:31.042865,242.0,240.0,216.0,368.0,230.0,182.0,332.0,332.0,,-88,8342479
4.6813,2019-09-08 18:45:31.073456,368.0,216.0,242.0,216.0,182.0,182.0,182.0,330.0,,-88,8342368
4.7119,2019-09-08 18:45:31.107997,368.0,216.0,190.0,242.0,230.0,182.0,232.0,240.0,,-88,8343050
4.7464,2019-09-08 18:45:31.131861,190.0,368.0,190.0,368.0,232.0,242.0,330.0,330.0,,-88,8342458
4.7703,2019-09-08 18:45:31.158224,216.0,216.0,240.0,368.0,240.0,182.0,330.0,240.0,,-88,8342295
4.7966,2019-09-08 18:45:31.209204,216.0,190.0,240.0,368.0,242.0,232.0,330.0,330.0,,-88,8342043
4.8476,2019-09-08 18:45:31.225425,368.0,216.0,216.0,368.0,242.0,232.0,182.0,330.0,,-88,8342396
4.8638,2019-09-08 18:45:31.243329,240.0,190.0,240.0,368.0,240.0,232.0,182.0,330.0,,-88,8342233
4.8817,2019-09-08 18:45:31.272142,368.0,190.0,240.0,368.0,182.0,182.0,330.0,232.0,,-88,8342441
4.9107,2019-09-08 18:45:31.304937,368.0,216.0,240.0,368.0,232.0,182.0,182.0,182.0,,-88,8342403
4.9433,2019-09-08 18:45:31.329403,368.0,216.0,368.0,190.0,182.0,330.0,182.0,330.0,,-88,8342071
4.9678,2019-09-08 18:45:31.355791,188.0,240.0,242.0,216.0,182.0,330.0,240.0,330.0,,-88,8342354
4.9942,2019-09-08 18:45:31.381977,216.0,190.0,242.0,216.0,330.0,330.0,240.0,230.0,,-88,8342981
5.0206,2019-09-08 18:45:31.415733,366.0,190.0,366.0,216.0,182.0,330.0,240.0,230.0,,-88,8342226
5.0541,2019-09-08 18:45:31.438190,188.0,216.0,366.0,366.0,182.0,330.0,232.0,330.0,,-88,8342828
5.0769,2019-09-08 18:45:31.469357,216.0,366.0,366.0,190.0,230.0,182.0,330.0,238.0,,-88,8342427
5.1078,2019-09-08 18:45:31.500042,190.0,240.0,216.0,188.0,230.0,238.0,330.0,240.0,,-88,8342053
5.1388,2019-09-08 18:45:31.523260,366.0,216.0,216.0,366.0,230.0,232.0,330.0,332.0,,-88,8342060
5.1616,2019-09-08 18:45:31.549731,366.0,366.0,216.0,366.0,332.0,230.0,232.0,182.0,,-88,8342209
5.1881,2019-09-08 18:45:31.591765,240.0,242.0,216.0,366.0,332.0,330.0,230.0,230.0,,-88,8342361
5.2303,2019-09-08 18:45:31.617222,366.0,240.0,366.0,190.0,182.0,332.0,238.0,230.0,,-88,8341790
5.2556,2019-09-08 18:45:31.637708,216.0,190.0,242.0,216.0,238.0,332.0,182.0,230.0,,-88,8343237
5.2761,2019-09-08 18:45:31.674325,366.0,366.0,190.0,190.0,182.0,332.0,238.0,230.0,,-88,8342337
5.3127,2019-09-08 18:45:31.694055,364.0,364.0,216.0,190.0,182.0,332.0,238.0,230.0,,-88,8342552
5.3324,2019-09-08 18:45:31.742535,190.0,366.0,242.0,364.0,332.0,332.0,230.0,182.0,,-88,8342302
5.3809,2019-09-08 18:45:31.751121,366.0,190.0,242.0,364.0,182.0,332.0,332.0,238.0,,-88,8342994
5.3896,2019-09-08 18:45:31.776086,190.0,364.0,364.0,190.0,238.0,332.0,182.0,332.0,,-88,8342728
5.4145,2019-09-08 18:45:31.806107,242.0,364.0,216.0,190.0,238.0,230.0,182.0,332.0,,-88,8342375
5.4444,2019-09-08 18:45:31.842712,242.0,242.0,218.0,242.0,236.0,230.0,182.0,182.0,,-88,8341503
5.4811,2019-09-08 18:45:31.858119,364.0,216.0,190.0,190.0,182.0,332.0,236.0,230.0,,-88,8342012
5.4964,2019-09-08 18:45:31.888985,242.0,216.0,190.0,364.0,182.0,230.0,230.0,182.0,,-88,8342500
5.5274,2019-09-08 18:45:31.919117,242.0,216.0,364.0,364.0,236.0,228.0,182.0,332.0,,-88,8342579
5.5575,2019-09-08 18:45:31.945259,364.0,216.0,190.0,240.0,182.0,236.0,228.0,332.0,,-88,8342596
5.5836,2019-09-08 18:45:31.977468,216.0,216.0,190.0,242.0,334.0,334.0,228.0,182.0,,-88,8342039
5.6158,2019-09-08 18:45:31.996725,242.0,216.0,190.0,216.0,182.0,336.0,236.0,228.0,,-88,8342254
5.6351,2019-09-08 18:45:32.037308,190.0,242.0,216.0,188.0,236.0,228.0,236.0,228.0,,-88,8342534
5.6757,2019-09-08 18:45:32.060806,240.0,216.0,188.0,240.0,182.0,228.0,182.0,340.0,,-88,8341887
5.6994,2019-09-08 18:45:32.089309,364.0,216.0,216.0,364.0,238.0,228.0,182.0,238.0,,-88,8342652
5.7277,2019-09-08 18:45:32.121501,216.0,188.0,190.0,364.0,228.0,228.0,182.0,338.0,,-88,8342192
5.7599,2019-09-08 18:45:32.145823,190.0,240.0,190.0,364.0,238.0,228.0,182.0,340.0,,-88,8342451
5.7842,2019-09-08 18:45:32.171199,190.0,240.0,364.0,190.0,238.0,228.0,182.0,340.0,,-88,8341804
5.8095,2019-09-08 18:45:32.192930,190.0,364.0,188.0,240.0,238.0,228.0,182.0,238.0,,-88,8342299
5.8313,2019-09-08 18:45:32.236531,216.0,216.0,190.0,240.0,240.0,226.0,182.0,340.0,,-88,8342029
5.8749,2019-09-08 18:45:32.259527,366.0,216.0,216.0,190.0,180.0,340.0,240.0,226.0,,-88,8342354
5.8979,2019-09-08 18:45:32.280444,188.0,216.0,216.0,216.0,182.0,342.0,238.0,340.0,,-88,8341949
5.9189,2019-09-08 18:45:32.304562,240.0,216.0,240.0,368.0,182.0,342.0,238.0,226.0,,-88,8342489
5.9429,2019-09-08 18:45:32.340914,368.0,240.0,188.0,370.0,182.0,226.0,238.0,238.0,,-88,8342116
5.9793,2019-09-08 18:45:32.362668,240.0,240.0,374.0,242.0,238.0,226.0,182.0,342.0,,-88,8342105
6.001,2019-09-08 18:45:32.396827,216.0,378.0,216.0,378.0,180.0,342.0,236.0,226.0,,-88,8342244
6.0352,2019-09-08 18:45:32.429557,242.0,190.0,190.0,240.0,180.0,346.0,236.0,226.0,,-88,8342949
6.0679,2019-09-08 18:45:32.449748,216.0,216.0,216.0,380.0,180.0,346.0,182.0,348.0,,-88,8341289
6.0881,2019-09-08 18:45:32.481735,190.0,240.0,240.0,240.0,234.0,180.0,352.0,234.0,,-88,8342205
6.1201,2019-09-08 18:45:32.508378,240.0,380.0,382.0,216.0,354.0,180.0,222.0,232.0,,-88,8342174
6.1467,2019-09-08 18:45:32.546298,190.0,380.0,214.0,190.0,222.0,232.0,220.0,180.0,,-88,8343077
6.1846,2019-09-08 18:45:32.565554,190.0,190.0,238.0,214.0,366.0,230.0,220.0,180.0,,-88,8342081
6.2039,2019-09-08 18:45:32.594971,214.0,238.0,384.0,384.0,368.0,226.0,220.0,180.0,,-87,8342835
6.2339,2019-09-08 18:45:32.619189,190.0,388.0,188.0,238.0,368.0,226.0,222.0,180.0,,-87,8342925
6.2577,2019-09-08 18:45:32.646028,190.0,238.0,190.0,188.0,366.0,228.0,228.0,224.0,,-86,8342399
6.2848,2019-09-08 18:45:32.674970,212.0,396.0,212.0,398.0,226.0,230.0,228.0,228.0,,-85,8342465
6.3134,2019-09-08 18:45:32.703341,398.0,236.0,190.0,398.0,182.0,338.0,334.0,232.0,,-84,8341974
6.3418,2019-09-08 18:45:32.743710,398.0,212.0,212.0,236.0,230.0,230.0,230.0,180.0,,-83,8342922
6.3821,2019-09-08 18:45:32.767484,234.0,210.0,190.0,234.0,180.0,180.0,230.0,230.0,,-82,8342334
6.406,2019-09-08 18:45:32.788161,210.0,232.0,232.0,188.0,180.0,254.0,180.0,246.0,,-80,8343268
6.4267,2019-09-08 18:45:32.816409,188.0,188.0,232.0,210.0,180.0,236.0,228.0,228.0,,-79,8343129
6.455,2019-09-08 18:45:32.860004,392.0,208.0,188.0,208.0,180.0,224.0,228.0,226.0,,-78,8342244
6.4992,2019-09-08 18:45:32.873070,188.0,208.0,188.0,230.0,180.0,214.0,224.0,220.0,,-77,8343686
6.5119,2019-09-08 18:45:32.898997,230.0,206.0,380.0,230.0,180.0,206.0,216.0,214.0,,-75,8342244
6.5375,2019-09-08 18:45:32.932019,188.0,206.0,188.0,372.0,180.0,202.0,206.0,208.0,,-74,8343399
6.5704,2019-09-08 18:45:32.976051,228.0,228.0,204.0,370.0,178.0,200.0,178.0,202.0,,-70,8342853
6.6154,2019-09-08 18:45:32.995389,226.0,188.0,202.0,224.0,198.0,192.0,198.0,178.0,,-69,8343133
6.6337,2019-09-08 18:45:33.017951,368.0,222.0,368.0,368.0,196.0,188.0,194.0,178.0,,-67,8342292
6.6566,2019-09-08 18:45:33.123047,198.0,198.0,342.0,198.0,190.0,192.0,184.0,190.0,,-61,8345257
6.7615,2019-09-08 18:45:33.131332,186.0,258.0,192.0,186.0,178.0,192.0,192.0,184.0,,-61,8345963
6.7699,2019-09-08 18:45:33.281491,210.0,232.0,192.0,192.0,192.0,190.0,178.0,190.0,,-64,8351970
6.9199,2019-09-08 18:45:33.296700,230.0,228.0,190.0,190.0,184.0,190.0,178.0,188.0,,-65,8351652
6.9352,2019-09-08 18:45:33.315896,204.0,228.0,190.0,186.0,182.0,190.0,178.0,186.0,,-67,8350801
6.9548,2019-09-08 18:45:33.351342,190.0,226.0,224.0,224.0,178.0,186.0,178.0,186.0,,-69,8347053
6.9898,2019-09-08 18:45:33.367551,204.0,224.0,224.0,190.0,178.0,186.0,182.0,190.0,,-70,8348195
7.0059,2019-09-08 18:45:33.394949,206.0,190.0,190.0,222.0,186.0,178.0,184.0,184.0,,-73,8347064
7.0333,2019-09-08 18:45:33.421067,204.0,204.0,222.0,204.0,178.0,182.0,190.0,178.0,,-74,8347064
7.06,2019-09-08 18:45:33.451112,222.0,190.0,190.0,184.0,184.0,186.0,190.0,178.0,,-76,8346507
7.0895,2019-09-08 18:45:33.488545,204.0,186.0,204.0,220.0,190.0,178.0,190.0,190.0,,-78,8346188
7.1272,2019-09-08 18:45:33.510294,192.0,192.0,220.0,192.0,186.0,176.0,188.0,184.0,,-78,8346811
7.1493,2019-09-08 18:45:33.526361,220.0,204.0,186.0,204.0,190.0,184.0,178.0,192.0,,-78,8346759
7.1648,2019-09-08 18:45:33.555474,186.0,204.0,220.0,192.0,190.0,178.0,198.0,182.0,,-77,8345825
7.1939,2019-09-08 18:45:33.575815,186.0,186.0,204.0,204.0,200.0,204.0,182.0,182.0,,-77,8345244
7.2143,2019-09-08 18:45:33.605251,204.0,220.0,192.0,220.0,212.0,182.0,182.0,218.0,,-75,8344434
7.2436,2019-09-08 18:45:33.630876,204.0,192.0,186.0,204.0,182.0,190.0,178.0,222.0,,-74,8343832
7.2693,2019-09-08 18:45:33.658941,186.0,204.0,186.0,192.0,178.0,226.0,184.0,190.0,,-73,8344683
7.2973,2019-09-08 18:45:33.697492,220.0,192.0,220.0,192.0,190.0,242.0,184.0,190.0,,-72,8343981
7.3359,2019-09-08 18:45:33.719567,190.0,190.0,192.0,190.0,178.0,272.0,188.0,192.0,,-72,8344116
7.3584,2019-09-08 18:45:33.744137,206.0,290.0,306.0,330.0,192.0,176.0,178.0,176.0,,-72,8343621
7.3826,2019-09-08 18:45:33.771631,192.0,210.0,210.0,472.0,198.0,202.0,204.0,178.0,,-73,8343652
7.4101,2019-09-08 18:45:33.876656,186.0,214.0,192.0,192.0,262.0,232.0,274.0,234.0,,-75,8343375
7.515,2019-09-08 18:45:33.894638,216.0,186.0,192.0,580.0,286.0,186.0,478.0,234.0,,-76,8342828
7.533,2019-09-08 18:45:33.923653,218.0,218.0,186.0,218.0,310.0,188.0,474.0,232.0,,-76,8342994
7.562,2019-09-08 18:45:33.946454,218.0,186.0,220.0,192.0,470.0,188.0,230.0,230.0,,-77,8343590
7.5848,2019-09-08 18:45:33.974976,194.0,186.0,220.0,194.0,230.0,342.0,188.0,442.0,,-78,8343247
7.6133,2019-09-08 18:45:33.999672,186.0,222.0,194.0,704.0,436.0,228.0,428.0,190.0,,-79,8342994
7.6381,2019-09-08 18:45:34.041064,186.0,186.0,222.0,686.0,228.0,366.0,228.0,370.0,,-80,8343188
7.6794,2019-09-08 18:45:34.072306,186.0,224.0,186.0,224.0,226.0,410.0,228.0,406.0,,-81,8343351
7.7107,2019-09-08 18:45:34.118005,196.0,668.0,186.0,226.0,232.0,414.0,232.0,426.0,,-82,8342849
7.7563,2019-09-08 18:45:34.142176,226.0,658.0,198.0,186.0,364.0,358.0,236.0,454.0,,-83,8342891
7.7805,2019-09-08 18:45:34.170310,230.0,186.0,644.0,200.0,464.0,472.0,208.0,302.0,,-83,8343946
7.8088,2019-09-08 18:45:34.191813,202.0,186.0,236.0,206.0,500.0,248.0,270.0,252.0,,-83,8343908
7.8302,2019-09-08 18:45:34.222367,210.0,212.0,250.0,588.0,534.0,228.0,236.0,258.0,,-83,8343770
7.8607,2019-09-08 18:45:34.250498,226.0,540.0,188.0,278.0,566.0,242.0,210.0,260.0,,-83,8343787
7.889,2019-09-08 18:45:34.294091,292.0,462.0,264.0,430.0,584.0,258.0,202.0,258.0,,-82,8344462
7.9325,2019-09-08 18:45:34.300364,322.0,288.0,376.0,364.0,198.0,258.0,590.0,194.0,,-82,8344233
7.9388,2019-09-08 18:45:34.323019,346.0,350.0,206.0,358.0,582.0,190.0,188.0,186.0,,-82,8344676
7.9614,2019-09-08 18:45:34.352671,214.0,378.0,252.0,362.0,250.0,184.0,296.0,182.0,,-79,8346126
7.991,2019-09-08 18:45:34.391559,226.0,236.0,380.0,234.0,244.0,180.0,238.0,440.0,,-76,8346517
8.0299,2019-09-08 18:45:34.408974,230.0,394.0,228.0,226.0,302.0,180.0,222.0,376.0,,-74,8350126
8.0473,2019-09-08 18:45:34.444239,224.0,224.0,224.0,254.0,358.0,300.0,296.0,180.0,,-71,8352624
8.0826,2019-09-08 18:45:34.460979,324.0,218.0,324.0,256.0,204.0,274.0,266.0,250.0,,-67,8352157
8.0993,2019-09-08 18:45:34.490481,252.0,216.0,262.0,246.0,244.0,180.0,224.0,220.0,,-62,8352600
8.129,2019-09-08 18:45:34.512695,228.0,236.0,212.0,214.0,206.0,192.0,210.0,186.0,,-55,8351825
8.151,2019-09-08 18:45:34.553507,206.0,212.0,212.0,192.0,182.0,188.0,182.0,186.0,,-40,8351043
8.1919,2019-09-08 18:45:34.567742,194.0,186.0,208.0,186.0,182.0,184.0,194.0,184.0,,-37,8350707
8.2061,2019-09-08 18:45:34.595438,192.0,186.0,214.0,186.0,182.0,184.0,184.0,192.0,,-32,8351507
8.2338,2019-09-08 18:45:34.616481,208.0,208.0,190.0,186.0,192.0,178.0,182.0,182.0,,-29,8353268
8.2548,2019-09-08 18:45:34.649250,192.0,184.0,206.0,214.0,192.0,178.0,182.0,182.0,,-27,8356119
8.2876,2019-09-08 18:45:34.674082,214.0,190.0,186.0,190.0,190.0,178.0,182.0,182.0,,-26,8357417
8.3126,2019-09-08 18:45:34.703636,216.0,190.0,186.0,186.0,190.0,190.0,178.0,182.0,,-27,8355946
8.342,2019-09-08 18:45:34.732789,186.0,216.0,186.0,216.0,182.0,190.0,180.0,182.0,,-30,8355628
8.3712,2019-09-08 18:45:34.757951,186.0,206.0,216.0,184.0,182.0,182.0,190.0,178.0,,-33,8353562
8.3963,2019-09-08 18:45:34.797756,204.0,186.0,214.0,190.0,182.0,190.0,190.0,178.0,,-41,8349572
8.4361,2019-09-08 18:45:34.812285,186.0,214.0,206.0,192.0,182.0,184.0,192.0,178.0,,-44,8347801
8.4507,2019-09-08 18:45:34.836283,214.0,204.0,214.0,186.0,184.0,184.0,178.0,192.0,,-49,8345399
8.4747,2019-09-08 18:45:34.862938,186.0,204.0,192.0,190.0,178.0,182.0,178.0,182.0,,-57,8344614
8.5013,2019-09-08 18:45:34.891608,186.0,206.0,206.0,192.0,184.0,192.0,184.0,192.0,,-61,8345891
8.5303,2019-09-08 18:45:34.921387,186.0,206.0,206.0,186.0,186.0,182.0,178.0,182.0,,-68,8346033
8.56,2019-09-08 18:45:34.951404,192.0,186.0,206.0,186.0,178.0,192.0,186.0,182.0,,-71,8344628
8.5899,2019-09-08 18:45:34.980744,186.0,212.0,206.0,212.0,186.0,186.0,192.0,178.0,,-74,8344261
8.6192,2019-09-08 18:45:35.006418,192.0,212.0,192.0,212.0,178.0,192.0,184.0,178.0,,-75,8344939
8.6448,2019-09-08 18:45:35.029694,186.0,206.0,192.0,212.0,198.0,178.0,206.0,178.0,,-75,8344908
8.6685,2019-09-08 18:45:35.057304,184.0,206.0,186.0,244.0,192.0,184.0,192.0,178.0,,-74,8344783
8.6957,2019-09-08 18:45:35.093114,190.0,330.0,352.0,206.0,192.0,192.0,178.0,322.0,,-74,8342967
8.7316,2019-09-08 18:45:35.110715,450.0,192.0,186.0,212.0,190.0,190.0,190.0,178.0,,-74,8342783
8.7492,2019-09-08 18:45:35.139117,668.0,192.0,716.0,728.0,458.0,178.0,192.0,178.0,,-74,8342219
8.7777,2019-09-08 18:45:35.166812,768.0,192.0,216.0,192.0,194.0,204.0,198.0,178.0,,-73,8342513
8.8052,2019-09-08 18:45:35.196750,192.0,186.0,762.0,192.0,572.0,216.0,210.0,584.0,,-73,8342562
8.8353,2019-09-08 18:45:35.225621,752.0,192.0,744.0,192.0,226.0,222.0,180.0,180.0,,-73,8343884
8.864,2019-09-08 18:45:35.250101,186.0,192.0,716.0,712.0,558.0,180.0,540.0,256.0,,-73,8342257
8.8886,2019-09-08 18:45:35.273591,220.0,220.0,686.0,220.0,260.0,256.0,260.0,182.0,,-74,8343306
8.912,2019-09-08 18:45:35.311475,222.0,194.0,188.0,226.0,420.0,290.0,184.0,386.0,,-75,8342240
8.9499,2019-09-08 18:45:35.359555,230.0,186.0,236.0,238.0,278.0,314.0,186.0,188.0,,-78,8342389
8.998,2019-09-08 18:45:35.519836,296.0,204.0,336.0,316.0,212.0,304.0,306.0,562.0,,-83,8342358
9.1584,2019-09-08 18:45:35.686105,342.0,356.0,360.0,362.0,242.0,198.0,306.0,260.0,,-69,8343036
9.3246,2019-09-08 18:45:35.737804,292.0,294.0,286.0,214.0,180.0,242.0,368.0,344.0,,-46,8342918
9.3762,2019-09-08 18:45:35.747717,258.0,248.0,240.0,232.0,180.0,222.0,278.0,282.0,,-41,8343212
9.3862,2019-09-08 18:45:35.784335,210.0,202.0,200.0,194.0,260.0,178.0,232.0,220.0,,-28,8343655
9.4228,2019-09-08 18:45:35.797075,192.0,210.0,212.0,186.0,186.0,182.0,184.0,182.0,,-24,8344365
9.4359,2019-09-08 18:45:35.821234,212.0,212.0,212.0,192.0,178.0,184.0,182.0,190.0,,-21,8345725
9.4599,2019-09-08 18:45:35.838293,212.0,192.0,186.0,206.0,182.0,190.0,178.0,182.0,,-19,8345143
9.4767,2019-09-08 18:45:35.868647,212.0,192.0,186.0,206.0,192.0,192.0,180.0,182.0,,-19,8345008
9.507,2019-09-08 18:45:35.891388,212.0,192.0,186.0,212.0,178.0,184.0,192.0,178.0,,-20,8345302
9.5298,2019-09-08 18:45:35.921900,186.0,212.0,186.0,186.0,182.0,184.0,184.0,192.0,,-23,8347126
9.5604,2019-09-08 18:45:35.945374,214.0,212.0,186.0,186.0,182.0,184.0,192.0,178.0,,-26,8347752
9.5838,2019-09-08 18:45:35.970727,212.0,190.0,190.0,206.0,182.0,184.0,192.0,178.0,,-31,8349247
9.6095,2019-09-08 18:45:35.996700,204.0,186.0,186.0,204.0,184.0,192.0,178.0,186.0,,-36,8345711
9.6351,2019-09-08 18:45:36.024933,204.0,190.0,186.0,186.0,194.0,186.0,182.0,186.0,,-46,8342963
9.6634,2019-09-08 18:45:36.059034,204.0,212.0,190.0,212.0,178.0,178.0,182.0,186.0,,-53,8342129
9.6974,2019-09-08 18:45:36.080799,186.0,184.0,186.0,212.0,182.0,186.0,194.0,178.0,,-58,8342652
9.7192,2019-09-08 18:45:36.110005,212.0,212.0,192.0,206.0,182.0,194.0,194.0,182.0,,-65,8345849
9.7485,2019-09-08 18:45:36.137997,206.0,192.0,206.0,206.0,188.0,192.0,178.0,184.0,,-69,8345949
9.7764,2019-09-08 18:45:36.163694,212.0,206.0,186.0,192.0,192.0,186.0,192.0,192.0,,-72,8344012
9.8029,2019-09-08 18:45:36.191908,214.0,190.0,186.0,192.0,186.0,192.0,178.0,204.0,,-74,8345105
9.8303,2019-09-08 18:45:36.230620,280.0,190.0,184.0,192.0,186.0,220.0,178.0,254.0,,-74,8346313
9.8691,2019-09-08 18:45:36.246152,518.0,210.0,596.0,650.0,194.0,180.0,356.0,186.0,,-74,8343939
9.8846,2019-09-08 18:45:36.277990,192.0,186.0,218.0,876.0,192.0,178.0,558.0,190.0,,-73,8342001
9.9164,2019-09-08 18:45:36.302614,216.0,192.0,188.0,876.0,584.0,178.0,592.0,200.0,,-72,8343067
9.9412,2019-09-08 18:45:36.330292,188.0,852.0,192.0,192.0,194.0,210.0,200.0,178.0,,-71,8342645
9.9688,2019-09-08 18:45:36.358721,188.0,216.0,796.0,192.0,608.0,224.0,218.0,180.0,,-71,8342569
9.9971,2019-09-08 18:45:36.384475,752.0,188.0,218.0,218.0,596.0,234.0,246.0,182.0,,-72,8342884
10.0229,2019-09-08 18:45:36.422659,192.0,668.0,654.0,188.0,184.0,472.0,250.0,300.0,,-73,8342987
10.0614,2019-09-08 18:45:36.453368,202.0,188.0,244.0,188.0,186.0,412.0,252.0,324.0,,-75,8342624
10.0918,2019-09-08 18:45:36.500292,220.0,192.0,278.0,282.0,358.0,194.0,194.0,298.0,,-77,8342534
10.1389,2019-09-08 18:45:36.569790,398.0,258.0,200.0,320.0,206.0,432.0,276.0,450.0,,-79,8342278
10.2082,2019-09-08 18:45:36.598910,314.0,294.0,210.0,366.0,232.0,280.0,476.0,216.0,,-81,8342915
10.2376,2019-09-08 18:45:36.629623,246.0,328.0,218.0,394.0,214.0,286.0,512.0,206.0,,-82,8343105
10.268,2019-09-08 18:45:36.660409,234.0,352.0,230.0,230.0,296.0,574.0,580.0,192.0,,-83,8342465
10.2992,2019-09-08 18:45:36.682763,424.0,372.0,374.0,246.0,590.0,292.0,188.0,290.0,,-83,8342873
10.3213,2019-09-08 18:45:36.733929,384.0,226.0,432.0,264.0,594.0,322.0,184.0,276.0,,-81,8342209
10.3724,2019-09-08 18:45:36.744332,388.0,278.0,386.0,420.0,576.0,344.0,180.0,254.0,,-80,8342385
10.3828,2019-09-08 18:45:36.761745,292.0,402.0,296.0,298.0,524.0,356.0,180.0,230.0,,-79,8342635
10.4002,2019-09-08 18:45:36.790445,218.0,328.0,302.0,342.0,426.0,354.0,180.0,212.0,,-73,8342074
10.4289,2019-09-08 18:45:36.815511,214.0,214.0,284.0,284.0,306.0,204.0,260.0,258.0,,-67,8342880
10.454,2019-09-08 18:45:36.842758,258.0,252.0,242.0,216.0,196.0,224.0,196.0,182.0,,-57,8342275
10.4811,2019-09-08 18:45:36.870592,200.0,198.0,196.0,214.0,208.0,178.0,184.0,184.0,,-37,8343448
10.509,2019-09-08 18:45:36.897384,190.0,208.0,210.0,210.0,196.0,182.0,184.0,194.0,,-28,8344129
10.5358,2019-09-08 18:45:36.922232,186.0,186.0,208.0,186.0,178.0,182.0,182.0,182.0,,-21,8346185
10.5606,2019-09-08 18:45:36.953494,206.0,212.0,190.0,186.0,178.0,178.0,190.0,192.0,,-18,8349372
10.5919,2019-09-08 18:45:36.980204,206.0,204.0,190.0,212.0,180.0,192.0,178.0,184.0,,-17,8351514
10.6187,2019-09-08 18:45:37.003604,186.0,190.0,186.0,204.0,192.0,178.0,184.0,182.0,,-18,8354680
10.642,2019-09-08 18:45:37.037179,212.0,204.0,212.0,190.0,178.0,182.0,184.0,178.0,,-22,8357143
10.6756,2019-09-08 18:45:37.056406,204.0,190.0,190.0,186.0,184.0,184.0,192.0,178.0,,-26,8355704
10.6949,2019-09-08 18:45:37.083159,206.0,204.0,186.0,204.0,182.0,184.0,194.0,180.0,,-30,8355043
10.7216,2019-09-08 18:45:37.110825,186.0,212.0,186.0,212.0,182.0,186.0,186.0,178.0,,-36,8354749
10.7493,2019-09-08 18:45:37.136502,212.0,190.0,186.0,204.0,194.0,180.0,182.0,186.0,,-45,8352915
10.7749,2019-09-08 18:45:37.162758,186.0,192.0,186.0,204.0,194.0,178.0,182.0,182.0,,-51,8349382
10.8011,2019-09-08 18:45:37.189726,186.0,204.0,204.0,186.0,188.0,194.0,188.0,194.0,,-58,8345790
10.8282,2019-09-08 18:45:37.216326,204.0,212.0,212.0,190.0,180.0,182.0,188.0,188.0,,-66,8345081
10.8548,2019-09-08 18:45:37.330989,186.0,204.0,186.0,192.0,188.0,194.0,180.0,390.0,,-72,8345105
10.9699,2019-09-08 18:45:37.380474,186.0,206.0,186.0,212.0,188.0,190.0,192.0,192.0,,-70,8344074
11.0195,2019-09-08 18:45:37.387452,184.0,320.0,356.0,206.0,178.0,540.0,206.0,200.0,,-70,8343174
11.0259,2019-09-08 18:45:37.411892,210.0,186.0,186.0,186.0,538.0,218.0,214.0,220.0,,-70,8341493
11.0503,2019-09-08 18:45:37.434649,828.0,216.0,216.0,882.0,536.0,236.0,242.0,180.0,,-71,8342846
11.0731,2019-09-08 18:45:37.463958,888.0,216.0,876.0,872.0,258.0,182.0,502.0,254.0,,-71,8342922
11.1028,2019-09-08 18:45:37.489412,216.0,214.0,214.0,844.0,256.0,258.0,182.0,462.0,,-72,8342590
11.1278,2019-09-08 18:45:37.518779,192.0,188.0,214.0,188.0,452.0,442.0,310.0,314.0,,-74,8342368
11.1572,2019-09-08 18:45:37.547079,214.0,188.0,756.0,192.0,184.0,398.0,184.0,376.0,,-76,8342915
11.1855,2019-09-08 18:45:37.572991,192.0,188.0,216.0,216.0,260.0,364.0,188.0,188.0,,-78,8343275
11.2114,2019-09-08 18:45:37.622748,220.0,188.0,222.0,224.0,264.0,386.0,192.0,280.0,,-82,8343745
11.2611,2019-09-08 18:45:37.668087,194.0,188.0,246.0,188.0,202.0,238.0,292.0,474.0,,-84,8342583
11.3065,2019-09-08 18:45:37.714639,562.0,218.0,190.0,288.0,314.0,200.0,320.0,578.0,,-84,8341877
11.3531,2019-09-08 18:45:37.732616,446.0,246.0,436.0,426.0,196.0,598.0,272.0,278.0,,-83,8342223
11.371,2019-09-08 18:45:37.774134,200.0,356.0,310.0,206.0,286.0,186.0,306.0,592.0,,-82,8342520
11.4125,2019-09-08 18:45:37.815488,336.0,218.0,400.0,222.0,272.0,180.0,256.0,444.0,,-76,8343022
11.4538,2019-09-08 18:45:37.832940,236.0,242.0,246.0,426.0,238.0,180.0,326.0,180.0,,-74,8343257
11.4713,2019-09-08 18:45:37.870466,264.0,428.0,230.0,420.0,296.0,276.0,180.0,204.0,,-62,8343918
11.509,2019-09-08 18:45:37.888074,284.0,416.0,412.0,222.0,236.0,204.0,180.0,182.0,,-56,8346178
11.5265,2019-09-08 18:45:37.919113,378.0,374.0,368.0,218.0,190.0,204.0,182.0,186.0,,-40,8352230
11.5576,2019-09-08 18:45:37.942827,216.0,214.0,282.0,278.0,196.0,186.0,196.0,178.0,,-32,8353970
11.5813,2019-09-08 18:45:37.969915,234.0,212.0,248.0,218.0,182.0,178.0,194.0,178.0,,-26,8359801
11.6084,2019-09-08 18:45:37.998864,210.0,196.0,218.0,216.0,184.0,178.0,182.0,178.0,,-22,8363673
11.6374,2019-09-08 18:45:38.034137,192.0,210.0,192.0,210.0,182.0,182.0,192.0,180.0,,-21,8361060
11.6725,2019-09-08 18:45:38.059203,210.0,190.0,186.0,208.0,192.0,178.0,182.0,192.0,,-22,8361925
11.6977,2019-09-08 18:45:38.083799,186.0,208.0,186.0,186.0,178.0,182.0,184.0,192.0,,-24,8362178
11.7228,2019-09-08 18:45:38.110039,206.0,190.0,186.0,184.0,182.0,192.0,184.0,184.0,,-27,8362057
11.7492,2019-09-08 18:45:38.138498,190.0,186.0,206.0,212.0,184.0,178.0,184.0,192.0,,-33,8359735
11.7776,2019-09-08 18:45:38.168116,206.0,212.0,190.0,212.0,184.0,190.0,178.0,182.0,,-38,8355462
11.8069,2019-09-08 18:45:38.193594,206.0,190.0,190.0,206.0,184.0,192.0,180.0,184.0,,-47,8351351
11.8324,2019-09-08 18:45:38.219511,186.0,190.0,186.0,206.0,184.0,192.0,180.0,184.0,,-53,8347600
11.8584,2019-09-08 18:45:38.250145,204.0,190.0,212.0,190.0,186.0,192.0,178.0,182.0,,-62,8344192
11.8892,2019-09-08 18:45:38.278263,190.0,204.0,206.0,212.0,186.0,190.0,180.0,188.0,,-69,8342825
11.917,2019-09-08 18:45:38.306933,186.0,206.0,192.0,186.0,178.0,192.0,186.0,196.0,,-72,8343659
11.946,2019-09-08 18:45:38.333446,206.0,212.0,212.0,192.0,180.0,204.0,186.0,192.0,,-76,8344943
11.972,2019-09-08 18:45:38.393592,186.0,212.0,212.0,186.0,318.0,188.0,194.0,180.0,,-76,8344704
12.0327,2019-09-08 18:45:38.406257,212.0,192.0,186.0,192.0,642.0,194.0,192.0,180.0,,-76,8344603
12.045,2019-09-08 18:45:38.552808,872.0,218.0,188.0,192.0,222.0,528.0,514.0,274.0,,-74,8342621
12.1919,2019-09-08 18:45:38.571578,826.0,192.0,192.0,192.0,484.0,278.0,182.0,436.0,,-74,8342098
12.2103,2019-09-08 18:45:38.593319,758.0,750.0,220.0,726.0,290.0,400.0,298.0,244.0,,-75,8342472
12.2322,2019-09-08 18:45:38.638485,194.0,188.0,194.0,652.0,304.0,252.0,184.0,318.0,,-77,8341766
12.2773,2019-09-08 18:45:38.662098,196.0,236.0,202.0,188.0,314.0,272.0,184.0,284.0,,-77,8342354
12.3008,2019-09-08 18:45:38.719191,522.0,516.0,188.0,190.0,186.0,270.0,330.0,258.0,,-80,8342790
12.358,2019-09-08 18:45:38.728102,238.0,192.0,306.0,308.0,380.0,200.0,218.0,360.0,,-81,8342507
12.3671,2019-09-08 18:45:38.780288,284.0,204.0,348.0,352.0,196.0,372.0,508.0,244.0,,-83,8342320
12.4191,2019-09-08 18:45:38.820980,334.0,348.0,390.0,238.0,192.0,362.0,188.0,352.0,,-83,8342109
12.46,2019-09-08 18:45:38.853211,384.0,410.0,232.0,416.0,274.0,184.0,330.0,524.0,,-80,8341808
12.4922,2019-09-08 18:45:38.882980,230.0,404.0,276.0,420.0,516.0,506.0,298.0,180.0,,-77,8342735
12.522,2019-09-08 18:45:38.908834,226.0,224.0,224.0,388.0,312.0,180.0,316.0,394.0,,-72,8342147
12.5486,2019-09-08 18:45:38.931314,364.0,292.0,292.0,344.0,232.0,332.0,298.0,180.0,,-66,8342835
12.5703,2019-09-08 18:45:38.961961,338.0,284.0,284.0,316.0,260.0,248.0,226.0,228.0,,-50,8343714
12.6012,2019-09-08 18:45:38.984844,262.0,212.0,222.0,256.0,196.0,182.0,190.0,204.0,,-44,8342949
12.6239,2019-09-08 18:45:39.013095,210.0,210.0,222.0,196.0,198.0,186.0,196.0,180.0,,-28,8342756
12.6523,2019-09-08 18:45:39.045757,212.0,210.0,192.0,186.0,182.0,184.0,194.0,178.0,,-20,8343635
12.685,2019-09-08 18:45:39.066940,190.0,186.0,190.0,212.0,192.0,192.0,182.0,182.0,,-18,8344569
12.706,2019-09-08 18:45:39.096575,190.0,186.0,206.0,190.0,192.0,178.0,184.0,178.0,,-17,8345759
12.7356,2019-09-08 18:45:39.121924,206.0,212.0,214.0,190.0,192.0,178.0,184.0,178.0,,-18,8348403
12.7608,2019-09-08 18:45:39.148444,206.0,212.0,190.0,186.0,184.0,184.0,180.0,192.0,,-21,8354303
12.7873,2019-09-08 18:45:39.173424,206.0,214.0,190.0,186.0,192.0,192.0,180.0,184.0,,-25,8358714
12.8121,2019-09-08 18:45:39.202390,186.0,214.0,212.0,214.0,184.0,192.0,184.0,186.0,,-32,8361102
12.8411,2019-09-08 18:45:39.227818,214.0,204.0,204.0,212.0,184.0,192.0,180.0,184.0,,-38,8360604
12.8665,2019-09-08 18:45:39.259122,214.0,190.0,186.0,204.0,184.0,192.0,178.0,184.0,,-48,8358247
12.898,2019-09-08 18:45:39.289068,212.0,212.0,190.0,186.0,178.0,184.0,178.0,194.0,,-56,8353832
12.9281,2019-09-08 18:45:39.311850,186.0,190.0,212.0,212.0,180.0,194.0,178.0,182.0,,-62,8350005
12.9509,2019-09-08 18:45:39.340000,212.0,212.0,212.0,192.0,196.0,178.0,186.0,188.0,,-69,8346057
12.9786,2019-09-08 18:45:39.366589,206.0,186.0,206.0,212.0,194.0,180.0,192.0,186.0,,-72,8346129
13.0053,2019-09-08 18:45:39.402771,206.0,212.0,192.0,186.0,194.0,180.0,210.0,186.0,,-74,8347396
13.0416,2019-09-08 18:45:39.422011,206.0,186.0,186.0,192.0,192.0,186.0,272.0,186.0,,-74,8346240
13.0609,2019-09-08 18:45:39.455029,208.0,208.0,212.0,208.0,192.0,186.0,192.0,180.0,,-73,8344275
13.0937,2019-09-08 18:45:39.481459,206.0,236.0,190.0,292.0,192.0,178.0,192.0,178.0,,-73,8345970
13.1199,2019-09-08 18:45:39.511603,430.0,186.0,208.0,208.0,178.0,630.0,198.0,198.0,,-72,8343237
13.1503,2019-09-08 18:45:39.537049,732.0,186.0,186.0,216.0,178.0,210.0,178.0,222.0,,-71,8343455
13.1762,2019-09-08 18:45:39.565301,910.0,216.0,216.0,900.0,178.0,614.0,222.0,256.0,,-71,8343181
13.2046,2019-09-08 18:45:39.614502,190.0,188.0,220.0,856.0,236.0,302.0,180.0,314.0,,-72,8342458
13.2533,2019-09-08 18:45:39.632350,222.0,194.0,822.0,814.0,242.0,322.0,244.0,446.0,,-73,8344105
13.271,2019-09-08 18:45:39.660381,224.0,764.0,194.0,188.0,426.0,248.0,184.0,184.0,,-75,8343147
13.2992,2019-09-08 18:45:39.680699,196.0,224.0,698.0,690.0,358.0,252.0,368.0,186.0,,-76,8343347
13.3196,2019-09-08 18:45:39.723001,198.0,188.0,234.0,210.0,316.0,258.0,394.0,190.0,,-79,8343635
13.362,2019-09-08 18:45:39.750732,218.0,192.0,590.0,228.0,280.0,266.0,424.0,194.0,,-81,8341624
13.3894,2019-09-08 18:45:39.782914,196.0,264.0,268.0,270.0,250.0,280.0,462.0,204.0,,-82,8342738
13.4219,2019-09-08 18:45:39.830825,426.0,296.0,306.0,310.0,532.0,230.0,200.0,312.0,,-83,8343652
13.4699,2019-09-08 18:45:39.879773,338.0,354.0,236.0,360.0,586.0,588.0,294.0,186.0,,-82,8343382
13.5192,2019-09-08 18:45:39.915688,408.0,258.0,264.0,380.0,582.0,576.0,322.0,182.0,,-80,8343915
13.5547,2019-09-08 18:45:39.938424,234.0,382.0,450.0,380.0,278.0,534.0,340.0,180.0,,-77,8344257
13.5772,2019-09-08 18:45:39.967568,230.0,228.0,228.0,372.0,346.0,180.0,344.0,180.0,,-72,8345351
13.6065,2019-09-08 18:45:39.991342,222.0,220.0,362.0,220.0,232.0,180.0,222.0,290.0,,-66,8346894
13.6301,2019-09-08 18:45:40.068838,336.0,328.0,320.0,288.0,198.0,178.0,196.0,178.0,,-61,8349960
13.7076,2019-09-08 18:45:40.079270,280.0,254.0,264.0,212.0,194.0,186.0,182.0,182.0,,-23,8351015
13.7182,2019-09-08 18:45:40.109574,210.0,206.0,224.0,210.0,184.0,178.0,182.0,184.0,,-20,8354143
13.7489,2019-09-08 18:45:40.130322,192.0,184.0,210.0,210.0,182.0,184.0,184.0,192.0,,-19,8356656
13.7692,2019-09-08 18:45:40.156629,212.0,186.0,212.0,190.0,182.0,180.0,192.0,180.0,,-18,8358489
13.7958,2019-09-08 18:45:40.187812,212.0,190.0,186.0,192.0,192.0,180.0,182.0,180.0,,-20,8361652
13.8267,2019-09-08 18:45:40.211747,212.0,190.0,212.0,190.0,178.0,182.0,184.0,180.0,,-24,8363237
13.8505,2019-09-08 18:45:40.235672,212.0,206.0,214.0,190.0,178.0,182.0,186.0,192.0,,-30,8361462
13.8745,2019-09-08 18:45:40.261976,186.0,204.0,190.0,190.0,186.0,182.0,182.0,192.0,,-34,8358216
13.9007,2019-09-08 18:45:40.288958,206.0,206.0,212.0,190.0,178.0,192.0,192.0,182.0,,-39,8354863
13.9279,2019-09-08 18:45:40.314516,190.0,214.0,214.0,186.0,188.0,194.0,180.0,182.0,,-45,8351884
13.9539,2019-09-08 18:45:40.339257,186.0,204.0,214.0,190.0,188.0,186.0,194.0,182.0,,-56,8348745
13.9787,2019-09-08 18:45:40.367984,190.0,212.0,190.0,186.0,180.0,182.0,188.0,194.0,,-62,8346562
14.0077,2019-09-08 18:45:40.392860,204.0,212.0,212.0,190.0,188.0,194.0,178.0,186.0,,-66,8345534
14.032,2019-09-08 18:45:40.427728,204.0,186.0,212.0,212.0,186.0,192.0,180.0,180.0,,-70,8345590
14.0666,2019-09-08 18:45:40.468252,212.0,212.0,212.0,212.0,192.0,186.0,192.0,192.0,,-73,8346164
14.1069,2019-09-08 18:45:40.475492,192.0,192.0,186.0,212.0,192.0,252.0,282.0,192.0,,-73,8346164
14.1145,2019-09-08 18:45:40.496857,214.0,186.0,208.0,214.0,192.0,180.0,536.0,188.0,,-72,8345053
14.1358,2019-09-08 18:45:40.525914,248.0,190.0,208.0,346.0,632.0,192.0,192.0,684.0,,-72,8345690
14.1646,2019-09-08 18:45:40.549843,208.0,542.0,192.0,186.0,688.0,202.0,680.0,178.0,,-71,8343202
14.1887,2019-09-08 18:45:40.577898,192.0,186.0,218.0,192.0,672.0,194.0,668.0,180.0,,-70,8342693
14.2167,2019-09-08 18:45:40.600360,188.0,216.0,902.0,192.0,664.0,226.0,202.0,238.0,,-70,8342738
14.2392,2019-09-08 18:45:40.630578,192.0,218.0,192.0,860.0,206.0,208.0,180.0,592.0,,-71,8342406
14.2692,2019-09-08 18:45:40.654760,188.0,188.0,826.0,192.0,254.0,180.0,180.0,548.0,,-71,8342441
14.2935,2019-09-08 18:45:40.684898,188.0,188.0,222.0,742.0,210.0,210.0,180.0,268.0,,-73,8342434
14.3237,2019-09-08 18:45:40.731050,192.0,188.0,194.0,194.0,474.0,272.0,210.0,212.0,,-75,8342963
14.37,2019-09-08 18:45:40.752922,188.0,570.0,530.0,204.0,180.0,182.0,214.0,214.0,,-77,8343839
14.3921,2019-09-08 18:45:40.775443,478.0,192.0,192.0,272.0,216.0,182.0,362.0,224.0,,-78,8343645
14.4141,2019-09-08 18:45:40.813971,230.0,300.0,306.0,308.0,322.0,312.0,266.0,320.0,,-80,8342842
14.4529,2019-09-08 18:45:40.860594,272.0,214.0,344.0,348.0,286.0,186.0,278.0,344.0,,-82,8343659
14.4998,2019-09-08 18:45:40.930730,328.0,344.0,236.0,378.0,196.0,194.0,408.0,492.0,,-83,8342894
14.5694,2019-09-08 18:45:40.944726,234.0,390.0,258.0,264.0,246.0,504.0,262.0,510.0,,-83,8343154
14.5834,2019-09-08 18:45:40.976407,272.0,398.0,230.0,422.0,278.0,510.0,294.0,182.0,,-81,8342929
14.6153,2019-09-08 18:45:40.998858,424.0,226.0,398.0,226.0,312.0,484.0,350.0,180.0,,-79,8342517
14.638,2019-09-08 18:45:41.033314,390.0,300.0,302.0,384.0,334.0,180.0,410.0,342.0,,-74,8342607
14.6721,2019-09-08 18:45:41.051244,308.0,372.0,308.0,364.0,342.0,334.0,180.0,232.0,,-69,8343804
14.69,2019-09-08 18:45:41.079120,302.0,322.0,214.0,266.0,180.0,216.0,234.0,224.0,,-63,8342524
14.7179,2019-09-08 18:45:41.104206,212.0,232.0,250.0,248.0,220.0,198.0,210.0,192.0,,-52,8342226
14.7432,2019-09-08 18:45:41.131947,210.0,202.0,210.0,196.0,184.0,186.0,184.0,186.0,,-37,8341835
14.7706,2019-09-08 18:45:41.159184,210.0,208.0,210.0,192.0,184.0,194.0,194.0,180.0,,-23,8342160
14.7982,2019-09-08 18:45:41.213010,186.0,206.0,206.0,186.0,184.0,184.0,192.0,178.0,,-17,8342704
14.8517,2019-09-08 18:45:41.226792,190.0,186.0,212.0,192.0,182.0,184.0,192.0,180.0,,-17,8342731
14.8655,2019-09-08 18:45:41.244300,186.0,206.0,212.0,190.0,184.0,184.0,192.0,180.0,,-18,8342489
14.8833,2019-09-08 18:45:41.266337,186.0,190.0,186.0,186.0,190.0,180.0,184.0,184.0,,-22,8344050
14.9052,2019-09-08 18:45:41.298185,214.0,190.0,214.0,190.0,178.0,184.0,184.0,190.0,,-26,8348136
14.9377,2019-09-08 18:45:41.359173,190.0,214.0,190.0,190.0,178.0,184.0,184.0,192.0,,-46,8358863
14.9982,2019-09-08 18:45:41.368692,214.0,214.0,204.0,214.0,186.0,192.0,180.0,184.0,,-49,8358320
15.0076,2019-09-08 18:45:41.392599,186.0,214.0,190.0,190.0,192.0,186.0,192.0,178.0,,-54,8359790
15.0335,2019-09-08 18:45:41.418916,186.0,204.0,212.0,186.0,182.0,184.0,186.0,192.0,,-64,8360375
15.0579,2019-09-08 18:45:41.449862,186.0,204.0,212.0,190.0,202.0,206.0,192.0,180.0,,-70,8351822
15.0894,2019-09-08 18:45:41.474016,186.0,190.0,212.0,186.0,216.0,188.0,192.0,180.0,,-73,8345558
15.1131,2019-09-08 18:45:41.500150,206.0,212.0,206.0,212.0,192.0,250.0,186.0,194.0,,-73,8344340
15.1387,2019-09-08 18:45:41.524784,192.0,212.0,192.0,186.0,180.0,180.0,186.0,192.0,,-71,8346884
15.1634,2019-09-08 18:45:41.554265,206.0,192.0,214.0,186.0,422.0,436.0,192.0,180.0,,-70,8345309
15.1929,2019-09-08 18:45:41.577727,206.0,242.0,206.0,290.0,190.0,188.0,192.0,180.0,,-69,8344060
15.2161,2019-09-08 18:45:41.606361,206.0,206.0,192.0,186.0,194.0,200.0,504.0,514.0,,-69,8343306
15.245,2019-09-08 18:45:41.632106,186.0,714.0,752.0,186.0,178.0,534.0,242.0,180.0,,-69,8342853
15.2708,2019-09-08 18:45:41.672237,836.0,838.0,192.0,190.0,180.0,270.0,216.0,524.0,,-70,8342956
15.311,2019-09-08 18:45:41.686485,190.0,192.0,222.0,194.0,296.0,508.0,498.0,228.0,,-70,8343773
15.3251,2019-09-08 18:45:41.713876,222.0,192.0,194.0,222.0,326.0,186.0,456.0,234.0,,-71,8342887
15.3523,2019-09-08 18:45:41.747261,722.0,714.0,204.0,206.0,432.0,234.0,362.0,192.0,,-72,8342451
15.3856,2019-09-08 18:45:41.767824,662.0,208.0,194.0,632.0,232.0,374.0,380.0,194.0,,-73,8343268
15.4062,2019-09-08 18:45:41.794694,590.0,218.0,196.0,558.0,352.0,234.0,236.0,406.0,,-75,8343057
15.4332,2019-09-08 18:45:41.820090,196.0,520.0,516.0,234.0,198.0,304.0,424.0,202.0,,-77,8343109
15.4587,2019-09-08 18:45:41.868547,198.0,244.0,198.0,200.0,204.0,204.0,244.0,454.0,,-79,8343510
15.5077,2019-09-08 18:45:41.879501,258.0,204.0,276.0,270.0,208.0,250.0,254.0,486.0,,-80,8342821
15.518,2019-09-08 18:45:41.905712,286.0,292.0,212.0,340.0,260.0,510.0,230.0,212.0,,-81,8342524
15.5447,2019-09-08 18:45:41.934414,320.0,308.0,326.0,330.0,540.0,248.0,252.0,282.0,,-82,8342832
15.5731,2019-09-08 18:45:41.962634,360.0,350.0,354.0,380.0,282.0,572.0,196.0,284.0,,-83,8343005
15.6013,2019-09-08 18:45:41.987308,240.0,238.0,262.0,236.0,286.0,586.0,308.0,190.0,,-83,8343783
15.6257,2019-09-08 18:45:42.015451,234.0,388.0,424.0,232.0,280.0,276.0,578.0,342.0,,-82,8343742
15.6539,2019-09-08 18:45:42.043098,392.0,392.0,228.0,390.0,562.0,260.0,182.0,254.0,,-81,8342302
15.6816,2019-09-08 18:45:42.083510,224.0,398.0,388.0,222.0,500.0,366.0,180.0,440.0,,-75,8343403
15.722,2019-09-08 18:45:42.098956,374.0,216.0,312.0,300.0,180.0,224.0,366.0,340.0,,-70,8343458
15.7374,2019-09-08 18:45:42.129877,290.0,304.0,242.0,212.0,342.0,324.0,180.0,252.0,,-59,8343358
15.7683,2019-09-08 18:45:42.162273,210.0,214.0,224.0,210.0,238.0,240.0,182.0,192.0,,-47,8343655
15.8008,2019-09-08 18:45:42.186284,218.0,192.0,210.0,192.0,190.0,206.0,180.0,186.0,,-28,8342797
15.8249,2019-09-08 18:45:42.213169,192.0,186.0,210.0,192.0,186.0,198.0,180.0,186.0,,-19,8344358
15.8515,2019-09-08 18:45:42.244728,190.0,186.0,206.0,190.0,184.0,194.0,178.0,184.0,,-15,8345745
15.8831,2019-09-08 18:45:42.272734,190.0,186.0,206.0,212.0,180.0,184.0,184.0,178.0,,-15,8346289
15.9116,2019-09-08 18:45:42.296185,190.0,186.0,204.0,212.0,178.0,184.0,182.0,190.0,,-17,8349569
15.9348,2019-09-08 18:45:42.323807,204.0,186.0,214.0,186.0,184.0,184.0,190.0,180.0,,-21,8354413
15.9627,2019-09-08 18:45:42.353518,204.0,212.0,190.0,186.0,180.0,184.0,192.0,182.0,,-28,8359922
15.992,2019-09-08 18:45:42.380257,212.0,212.0,190.0,186.0,178.0,182.0,184.0,186.0,,-34,8359510
16.019,2019-09-08 18:45:42.405461,214.0,212.0,190.0,212.0,182.0,192.0,192.0,182.0,,-45,8357732
16.0439,2019-09-08 18:45:42.435601,212.0,212.0,186.0,190.0,182.0,188.0,192.0,186.0,,-53,8355752
16.0741,2019-09-08 18:45:42.473468,212.0,190.0,186.0,204.0,188.0,192.0,194.0,178.0,,-68,8351081
16.112,2019-09-08 18:45:42.488052,204.0,190.0,212.0,190.0,188.0,186.0,192.0,180.0,,-71,8350334
16.1267,2019-09-08 18:45:42.517321,206.0,190.0,212.0,186.0,180.0,192.0,186.0,192.0,,-77,8345472
16.1557,2019-09-08 18:45:42.540763,190.0,186.0,206.0,212.0,180.0,192.0,180.0,192.0,,-79,8344686
16.1792,2019-09-08 18:45:42.580007,192.0,206.0,186.0,192.0,180.0,212.0,186.0,192.0,,-79,8346372
16.2187,2019-09-08 18:45:42.600237,208.0,214.0,206.0,214.0,184.0,190.0,178.0,382.0,,-78,8344967
16.2389,2019-09-08 18:45:42.635504,184.0,190.0,186.0,208.0,192.0,192.0,180.0,508.0,,-77,8345174
16.2741,2019-09-08 18:45:42.662506,208.0,190.0,190.0,598.0,190.0,192.0,192.0,616.0,,-75,8342731
16.3009,2019-09-08 18:45:42.688648,186.0,214.0,192.0,188.0,628.0,180.0,194.0,178.0,,-74,8343669
16.3271,2019-09-08 18:45:42.714484,192.0,188.0,192.0,192.0,632.0,206.0,206.0,178.0,,-72,8342444
16.3531,2019-09-08 18:45:42.746320,214.0,186.0,214.0,192.0,628.0,216.0,242.0,220.0,,-72,8341998
16.3848,2019-09-08 18:45:42.772091,804.0,192.0,798.0,794.0,264.0,592.0,232.0,234.0,,-72,8342603
16.4105,2019-09-08 18:45:42.797356,192.0,770.0,192.0,186.0,182.0,184.0,240.0,336.0,,-73,8343109
16.4357,2019-09-08 18:45:42.828421,718.0,220.0,220.0,692.0,252.0,382.0,252.0,352.0,,-74,8343468
16.467,2019-09-08 18:45:42.876034,222.0,188.0,224.0,188.0,334.0,254.0,410.0,196.0,,-77,8342569
16.5144,2019-09-08 18:45:42.918237,198.0,598.0,244.0,248.0,254.0,276.0,272.0,258.0,,-79,8342794
16.5566,2019-09-08 18:45:42.963159,536.0,512.0,276.0,190.0,248.0,268.0,496.0,214.0,,-81,8342230
16.6016,2019-09-08 18:45:42.989510,416.0,236.0,192.0,398.0,224.0,282.0,538.0,228.0,,-82,8341908
16.6279,2019-09-08 18:45:43.024183,196.0,198.0,360.0,364.0,204.0,290.0,578.0,250.0,,-83,8343354
16.6628,2019-09-08 18:45:43.055757,208.0,336.0,214.0,404.0,198.0,288.0,596.0,274.0,,-83,8343233
16.6943,2019-09-08 18:45:43.091580,226.0,426.0,236.0,394.0,194.0,282.0,602.0,300.0,,-82,8342648
16.73,2019-09-08 18:45:43.116528,404.0,230.0,410.0,262.0,188.0,272.0,268.0,578.0,,-79,8342347
16.7549,2019-09-08 18:45:43.142882,272.0,438.0,400.0,278.0,330.0,550.0,338.0,180.0,,-77,8343032
16.7813,2019-09-08 18:45:43.167559,422.0,416.0,410.0,218.0,342.0,180.0,180.0,234.0,,-73,8342984
16.8059,2019-09-08 18:45:43.192339,314.0,358.0,214.0,214.0,342.0,338.0,332.0,180.0,,-66,8342558
16.8307,2019-09-08 18:45:43.220269,276.0,290.0,240.0,254.0,210.0,180.0,202.0,242.0,,-57,8342330
16.8588,2019-09-08 18:45:43.248404,210.0,220.0,210.0,210.0,226.0,224.0,196.0,184.0,,-43,8342292
16.8868,2019-09-08 18:45:43.283637,212.0,186.0,184.0,210.0,186.0,194.0,194.0,180.0,,-25,8343081
16.922,2019-09-08 18:45:43.307932,186.0,210.0,190.0,190.0,184.0,182.0,192.0,178.0,,-16,8343126
16.9463,2019-09-08 18:45:43.338455,212.0,212.0,190.0,186.0,182.0,182.0,190.0,178.0,,-14,8343607
16.9769,2019-09-08 18:45:43.365478,212.0,190.0,186.0,204.0,182.0,182.0,190.0,178.0,,-13,8345635
17.0039,2019-09-08 18:45:43.391254,204.0,212.0,190.0,204.0,190.0,178.0,184.0,182.0,,-15,8348088
17.0296,2019-09-08 18:45:43.416384,212.0,204.0,212.0,190.0,178.0,184.0,182.0,190.0,,-18,8352732
17.055,2019-09-08 18:45:43.446142,186.0,204.0,190.0,184.0,190.0,178.0,184.0,184.0,,-25,8355842
17.0845,2019-09-08 18:45:43.471615,204.0,212.0,190.0,186.0,190.0,178.0,178.0,184.0,,-32,8355950
17.11,2019-09-08 18:45:43.497779,186.0,204.0,190.0,186.0,190.0,190.0,182.0,184.0,,-39,8355223
17.1362,2019-09-08 18:45:43.526492,186.0,212.0,190.0,186.0,192.0,186.0,178.0,192.0,,-52,8354770
17.1649,2019-09-08 18:45:43.550896,186.0,212.0,212.0,212.0,178.0,182.0,186.0,192.0,,-59,8353375
17.1893,2019-09-08 18:45:43.574562,186.0,204.0,212.0,190.0,180.0,182.0,188.0,178.0,,-66,8352877
17.2129,2019-09-08 18:45:43.600439,190.0,186.0,212.0,192.0,186.0,188.0,192.0,180.0,,-71,8355496
17.2389,2019-09-08 18:45:43.628440,186.0,186.0,212.0,192.0,184.0,180.0,192.0,188.0,,-76,8358199
17.2668,2019-09-08 18:45:43.655276,192.0,206.0,214.0,214.0,180.0,190.0,186.0,192.0,,-76,8355742
17.2938,2019-09-08 18:45:43.684963,192.0,186.0,212.0,222.0,202.0,186.0,180.0,178.0,,-75,8356275
17.3233,2019-09-08 18:45:43.713630,186.0,206.0,190.0,186.0,278.0,184.0,190.0,186.0,,-74,8356981
17.352,2019-09-08 18:45:43.756482,184.0,210.0,186.0,214.0,192.0,186.0,190.0,180.0,,-73,8350181
17.3953,2019-09-08 18:45:43.776920,942.0,958.0,192.0,964.0,538.0,192.0,180.0,598.0,,-72,8348088
17.4156,2019-09-08 18:45:43.797299,192.0,930.0,218.0,908.0,190.0,190.0,192.0,648.0,,-71,8349386
17.4357,2019-09-08 18:45:43.824739,192.0,194.0,860.0,224.0,180.0,672.0,194.0,690.0,,-71,8349749
17.4635,2019-09-08 18:45:43.851463,804.0,226.0,194.0,226.0,196.0,196.0,178.0,724.0,,-71,8349846
17.4901,2019-09-08 18:45:43.952856,196.0,684.0,666.0,226.0,178.0,244.0,180.0,250.0,,-73,8350877
17.5915,2019-09-08 18:45:43.959450,206.0,248.0,210.0,442.0,254.0,258.0,592.0,214.0,,-75,8351929
17.5984,2019-09-08 18:45:44.089250,398.0,332.0,228.0,268.0,490.0,306.0,180.0,436.0,,-83,8356981
17.7282,2019-09-08 18:45:44.104603,260.0,404.0,258.0,294.0,280.0,198.0,252.0,288.0,,-84,8358244
17.7434,2019-09-08 18:45:44.111378,426.0,276.0,306.0,238.0,488.0,212.0,210.0,310.0,,-84,8362341
17.7499,2019-09-08 18:45:44.144646,450.0,308.0,310.0,296.0,544.0,232.0,198.0,318.0,,-85,8364493
17.7836,2019-09-08 18:45:44.165782,300.0,456.0,304.0,304.0,584.0,262.0,192.0,314.0,,-84,8364202
17.8044,2019-09-08 18:45:44.272509,322.0,220.0,220.0,342.0,180.0,180.0,232.0,318.0,,-75,8346735
17.9112,2019-09-08 18:45:44.284835,248.0,256.0,252.0,212.0,292.0,266.0,206.0,204.0,,-64,8347839
17.9237,2019-09-08 18:45:44.412098,204.0,224.0,212.0,212.0,232.0,196.0,216.0,180.0,,-14,8346334
18.051,2019-09-08 18:45:44.424872,206.0,190.0,190.0,186.0,190.0,182.0,182.0,190.0,,-11,8352880
18.0639,2019-09-08 18:45:44.537619,186.0,214.0,190.0,186.0,184.0,182.0,190.0,182.0,,-22,8355552
18.176,2019-09-08 18:45:44.544689,190.0,190.0,190.0,206.0,184.0,190.0,178.0,182.0,,-28,8353538
18.1831,2019-09-08 18:45:44.572760,190.0,186.0,206.0,214.0,184.0,190.0,190.0,182.0,,-40,8351365
18.2116,2019-09-08 18:45:44.600491,214.0,190.0,186.0,214.0,186.0,192.0,178.0,192.0,,-54,8350174
18.2393,2019-09-08 18:45:44.638472,186.0,204.0,212.0,190.0,188.0,192.0,174.0,188.0,,-65,8350413
18.2771,2019-09-08 18:45:44.656455,206.0,190.0,212.0,206.0,188.0,192.0,188.0,196.0,,-68,8351835
18.2953,2019-09-08 18:45:44.683181,186.0,186.0,186.0,186.0,180.0,200.0,188.0,190.0,,-73,8347956
18.3221,2019-09-08 18:45:44.713629,206.0,186.0,214.0,190.0,192.0,180.0,226.0,186.0,,-75,8345285
18.3523,2019-09-08 18:45:44.735727,186.0,208.0,192.0,186.0,188.0,192.0,320.0,180.0,,-75,8345150
18.3747,2019-09-08 18:45:44.762527,186.0,204.0,188.0,186.0,178.0,180.0,526.0,190.0,,-74,8346690
18.4014,2019-09-08 18:45:44.793638,406.0,192.0,190.0,190.0,178.0,598.0,194.0,192.0,,-73,8343880
18.4326,2019-09-08 18:45:44.822083,186.0,214.0,718.0,746.0,602.0,208.0,200.0,204.0,,-71,8342143
18.4609,2019-09-08 18:45:44.853567,214.0,214.0,826.0,214.0,578.0,178.0,570.0,238.0,,-71,8341967
18.4923,2019-09-08 18:45:44.875624,192.0,192.0,806.0,190.0,252.0,182.0,548.0,242.0,,-71,8342406
18.5143,2019-09-08 18:45:44.902435,216.0,794.0,794.0,792.0,184.0,524.0,248.0,314.0,,-71,8343147
18.5411,2019-09-08 18:45:44.930874,188.0,782.0,190.0,188.0,188.0,484.0,252.0,332.0,,-72,8342666
18.5696,2019-09-08 18:45:44.955654,218.0,188.0,218.0,218.0,190.0,344.0,254.0,354.0,,-73,8342967
18.5945,2019-09-08 18:45:45.036846,712.0,190.0,186.0,220.0,196.0,310.0,264.0,396.0,,-78,8342036
18.6757,2019-09-08 18:45:45.049512,676.0,192.0,190.0,672.0,198.0,290.0,270.0,404.0,,-80,8342053
18.6881,2019-09-08 18:45:45.079379,192.0,186.0,226.0,226.0,200.0,278.0,414.0,418.0,,-82,8343050
18.7182,2019-09-08 18:45:45.110333,192.0,238.0,188.0,244.0,256.0,292.0,436.0,300.0,,-83,8343289
18.7491,2019-09-08 18:45:45.187961,566.0,204.0,188.0,286.0,534.0,236.0,196.0,340.0,,-85,8342358
18.8268,2019-09-08 18:45:45.208477,230.0,236.0,242.0,192.0,338.0,336.0,572.0,190.0,,-85,8342389
18.8472,2019-09-08 18:45:45.238784,270.0,356.0,330.0,290.0,188.0,328.0,572.0,186.0,,-84,8344050
18.8776,2019-09-08 18:45:45.275561,400.0,322.0,262.0,256.0,184.0,548.0,306.0,180.0,,-81,8344064
18.9145,2019-09-08 18:45:45.336119,442.0,222.0,454.0,234.0,322.0,398.0,248.0,350.0,,-70,8343908
18.975,2019-09-08 18:45:45.346373,364.0,256.0,350.0,258.0,322.0,304.0,180.0,214.0,,-67,8342773
18.9851,2019-09-08 18:45:45.370088,262.0,306.0,266.0,358.0,244.0,232.0,218.0,180.0,,-59,8342586
19.0089,2019-09-08 18:45:45.396516,308.0,214.0,294.0,212.0,194.0,182.0,182.0,188.0,,-46,8342832
19.0352,2019-09-08 18:45:45.425253,214.0,240.0,236.0,206.0,192.0,186.0,182.0,184.0,,-27,8342064
19.0641,2019-09-08 18:45:45.449011,192.0,214.0,212.0,210.0,178.0,184.0,184.0,192.0,,-20,8342181
19.0879,2019-09-08 18:45:45.474345,210.0,210.0,186.0,190.0,178.0,182.0,184.0,188.0,,-15,8342596
19.113,2019-09-08 18:45:45.500046,186.0,206.0,212.0,190.0,178.0,184.0,182.0,190.0,,-14,8342638
19.1392,2019-09-08 18:45:45.534713,190.0,206.0,186.0,190.0,180.0,178.0,182.0,190.0,,-16,8342468
19.1735,2019-09-08 18:45:45.552727,204.0,212.0,190.0,186.0,178.0,184.0,182.0,182.0,,-17,8342821
19.1915,2019-09-08 18:45:45.580969,186.0,204.0,190.0,212.0,178.0,180.0,184.0,182.0,,-22,8343029
19.2196,2019-09-08 18:45:45.604762,186.0,212.0,190.0,186.0,182.0,190.0,178.0,182.0,,-27,8344655
19.2434,2019-09-08 18:45:45.641329,186.0,212.0,190.0,186.0,178.0,182.0,182.0,184.0,,-37,8346254
19.28,2019-09-08 18:45:45.659790,190.0,212.0,188.0,186.0,182.0,184.0,190.0,178.0,,-46,8349870
19.2987,2019-09-08 18:45:45.685353,204.0,212.0,190.0,212.0,184.0,184.0,190.0,192.0,,-55,8351230
19.3242,2019-09-08 18:45:45.711621,186.0,212.0,212.0,186.0,184.0,178.0,192.0,178.0,,-62,8353033
19.3503,2019-09-08 18:45:45.740929,212.0,212.0,190.0,212.0,186.0,186.0,190.0,180.0,,-72,8356046
19.3798,2019-09-08 18:45:45.766009,186.0,206.0,212.0,190.0,188.0,186.0,192.0,178.0,,-78,8357815
19.4049,2019-09-08 18:45:45.791309,190.0,212.0,190.0,206.0,192.0,186.0,190.0,180.0,,-80,8358922
19.4303,2019-09-08 18:45:45.817997,212.0,192.0,188.0,204.0,192.0,180.0,210.0,186.0,,-80,8359002
19.4566,2019-09-08 18:45:45.860424,236.0,190.0,186.0,206.0,192.0,190.0,282.0,184.0,,-77,8357656
19.4993,2019-09-08 18:45:45.872954,418.0,190.0,208.0,520.0,338.0,186.0,178.0,180.0,,-76,8355361
19.5121,2019-09-08 18:45:45.897048,670.0,192.0,186.0,186.0,180.0,188.0,188.0,190.0,,-75,8351213
19.5357,2019-09-08 18:45:45.925252,824.0,192.0,830.0,190.0,178.0,192.0,192.0,178.0,,-74,8349351
19.5639,2019-09-08 18:45:45.951290,192.0,188.0,220.0,192.0,548.0,204.0,202.0,178.0,,-73,8351974
19.5899,2019-09-08 18:45:45.978808,194.0,190.0,190.0,778.0,210.0,216.0,178.0,614.0,,-72,8352389
19.6175,2019-09-08 18:45:46.017020,200.0,190.0,224.0,746.0,618.0,234.0,180.0,616.0,,-72,8351410
19.6558,2019-09-08 18:45:46.031910,224.0,202.0,710.0,700.0,180.0,608.0,180.0,256.0,,-73,8351950
19.6706,2019-09-08 18:45:46.079715,190.0,204.0,602.0,204.0,258.0,180.0,576.0,214.0,,-74,8352282
19.7185,2019-09-08 18:45:46.151902,192.0,210.0,212.0,190.0,224.0,226.0,182.0,424.0,,-78,8355112
19.7906,2019-09-08 18:45:46.188170,512.0,216.0,192.0,278.0,334.0,184.0,392.0,238.0,,-80,8355109
19.827,2019-09-08 18:45:46.194943,446.0,444.0,442.0,290.0,358.0,188.0,348.0,254.0,,-81,8354264
19.8337,2019-09-08 18:45:46.233179,256.0,200.0,326.0,206.0,324.0,262.0,268.0,408.0,,-83,8356389
19.8718,2019-09-08 18:45:46.264890,214.0,354.0,220.0,364.0,196.0,284.0,290.0,202.0,,-84,8356500
19.9035,2019-09-08 18:45:46.291576,262.0,252.0,362.0,246.0,204.0,230.0,472.0,210.0,,-85,8356735
19.9303,2019-09-08 18:45:46.319945,258.0,408.0,236.0,234.0,226.0,196.0,356.0,538.0,,-85,8359399
19.9587,2019-09-08 18:45:46.346057,420.0,276.0,276.0,228.0,244.0,190.0,354.0,352.0,,-84,8359258
19.9848,2019-09-08 18:45:46.370220,280.0,426.0,222.0,362.0,268.0,186.0,184.0,522.0,,-83,8355527
20.009,2019-09-08 18:45:46.398451,218.0,312.0,272.0,216.0,290.0,180.0,328.0,466.0,,-80,8350192
20.0372,2019-09-08 18:45:46.424261,214.0,214.0,234.0,252.0,314.0,426.0,310.0,182.0,,-75,8343686
20.0626,2019-09-08 18:45:46.453161,212.0,210.0,208.0,214.0,180.0,260.0,320.0,298.0,,-71,8343558
20.0916,2019-09-08 18:45:46.478098,198.0,196.0,192.0,192.0,180.0,224.0,244.0,232.0,,-66,8344420
20.1165,2019-09-08 18:45:46.507197,210.0,212.0,190.0,186.0,216.0,204.0,218.0,212.0,,-52,8343046
20.1457,2019-09-08 18:45:46.531113,186.0,208.0,186.0,208.0,180.0,190.0,194.0,180.0,,-38,8343489
20.1699,2019-09-08 18:45:46.564497,186.0,212.0,190.0,186.0,178.0,184.0,186.0,194.0,,-21,8342167
20.2029,2019-09-08 18:45:46.586818,186.0,212.0,190.0,186.0,184.0,184.0,182.0,184.0,,-15,8342825
20.2254,2019-09-08 18:45:46.613675,204.0,204.0,212.0,186.0,192.0,178.0,184.0,182.0,,-12,8342060
20.252,2019-09-08 18:45:46.643157,186.0,212.0,190.0,186.0,190.0,190.0,182.0,184.0,,-11,8341911
20.2816,2019-09-08 18:45:46.666762,186.0,212.0,204.0,186.0,190.0,178.0,178.0,182.0,,-14,8342482
20.3057,2019-09-08 18:45:46.693298,186.0,186.0,204.0,186.0,182.0,180.0,182.0,184.0,,-19,8343475
20.3322,2019-09-08 18:45:46.723414,186.0,186.0,206.0,186.0,190.0,190.0,182.0,184.0,,-25,8344250
20.3621,2019-09-08 18:45:46.757391,204.0,212.0,212.0,186.0,182.0,184.0,192.0,184.0,,-36,8343569
20.3958,2019-09-08 18:45:46.779237,204.0,212.0,190.0,190.0,184.0,192.0,178.0,192.0,,-45,8343936
20.4179,2019-09-08 18:45:46.801729,204.0,204.0,190.0,190.0,178.0,192.0,188.0,192.0,,-54,8344223
20.4404,2019-09-08 18:45:46.832785,186.0,204.0,212.0,206.0,192.0,178.0,188.0,184.0,,-65,8346060
20.4716,2019-09-08 18:45:46.860869,212.0,206.0,186.0,190.0,192.0,180.0,192.0,190.0,,-70,8348994
20.4996,2019-09-08 18:45:46.886758,206.0,212.0,212.0,206.0,192.0,180.0,194.0,188.0,,-73,8346842
20.5256,2019-09-08 18:45:46.914101,204.0,216.0,190.0,206.0,192.0,180.0,210.0,188.0,,-74,8346849
20.5528,2019-09-08 18:45:46.938517,208.0,208.0,186.0,186.0,192.0,180.0,300.0,186.0,,-73,8344832
20.5771,2019-09-08 18:45:46.969093,186.0,208.0,190.0,186.0,192.0,180.0,544.0,600.0,,-72,8343686
20.6081,2019-09-08 18:45:46.994798,186.0,212.0,186.0,212.0,194.0,180.0,180.0,198.0,,-70,8342527
20.6336,2019-09-08 18:45:47.022245,770.0,190.0,218.0,220.0,198.0,194.0,180.0,180.0,,-69,8342842
20.6609,2019-09-08 18:45:47.050786,220.0,754.0,192.0,192.0,722.0,720.0,208.0,192.0,,-69,8343396
20.6894,2019-09-08 18:45:47.082688,192.0,188.0,736.0,194.0,730.0,728.0,214.0,200.0,,-69,8342853
20.7218,2019-09-08 18:45:47.108427,718.0,194.0,188.0,222.0,178.0,702.0,214.0,206.0,,-70,8342721
20.7473,2019-09-08 18:45:47.154106,670.0,662.0,194.0,636.0,178.0,668.0,212.0,214.0,,-72,8343628
20.7928,2019-09-08 18:45:47.188788,198.0,188.0,236.0,238.0,180.0,638.0,210.0,218.0,,-75,8343894
20.8274,2019-09-08 18:45:47.221195,578.0,256.0,190.0,264.0,180.0,610.0,208.0,232.0,,-77,8342929
20.8598,2019-09-08 18:45:47.269115,194.0,196.0,294.0,298.0,596.0,180.0,256.0,216.0,,-79,8342205
20.9075,2019-09-08 18:45:47.321312,388.0,206.0,338.0,332.0,542.0,230.0,302.0,180.0,,-81,8343116
20.9598,2019-09-08 18:45:47.351595,294.0,336.0,220.0,272.0,486.0,244.0,342.0,352.0,,-82,8343150
20.9901,2019-09-08 18:45:47.378493,258.0,362.0,376.0,384.0,368.0,184.0,370.0,278.0,,-83,8343866
21.0169,2019-09-08 18:45:47.415851,244.0,408.0,246.0,378.0,188.0,432.0,194.0,304.0,,-84,8344015
21.0542,2019-09-08 18:45:47.427167,256.0,234.0,262.0,264.0,476.0,204.0,208.0,218.0,,-84,8343849
21.0655,2019-09-08 18:45:47.486022,380.0,378.0,454.0,374.0,332.0,542.0,550.0,198.0,,-83,8343330
21.1244,2019-09-08 18:45:47.492447,226.0,226.0,286.0,346.0,334.0,558.0,240.0,192.0,,-82,8342752
21.1313,2019-09-08 18:45:47.509555,328.0,220.0,218.0,368.0,330.0,188.0,324.0,512.0,,-82,8343385
21.148,2019-09-08 18:45:47.535849,282.0,280.0,288.0,274.0,182.0,308.0,462.0,270.0,,-79,8342378
21.1743,2019-09-08 18:45:47.563972,238.0,240.0,212.0,232.0,180.0,276.0,180.0,250.0,,-76,8342745
21.2028,2019-09-08 18:45:47.599102,208.0,200.0,214.0,194.0,330.0,180.0,180.0,214.0,,-69,8344524
21.2378,2019-09-08 18:45:47.617019,184.0,186.0,208.0,186.0,250.0,236.0,180.0,180.0,,-64,8344316
21.2562,2019-09-08 18:45:47.673095,206.0,206.0,212.0,190.0,198.0,186.0,192.0,182.0,,-38,8344226
21.3122,2019-09-08 18:45:47.694856,190.0,186.0,212.0,190.0,178.0,182.0,184.0,192.0,,-29,8345956
21.3342,2019-09-08 18:45:47.719390,190.0,186.0,214.0,204.0,178.0,182.0,184.0,192.0,,-22,8347534
21.3592,2019-09-08 18:45:47.746266,190.0,186.0,214.0,190.0,180.0,182.0,182.0,190.0,,-17,8350635
21.3858,2019-09-08 18:45:47.772520,204.0,190.0,186.0,204.0,178.0,180.0,182.0,182.0,,-16,8357711
21.412,2019-09-08 18:45:47.799299,214.0,190.0,186.0,204.0,182.0,182.0,182.0,178.0,,-18,8362022
21.4377,2019-09-08 18:45:47.825398,204.0,214.0,214.0,190.0,180.0,182.0,182.0,190.0,,-21,8359988
21.4647,2019-09-08 18:45:47.857705,188.0,190.0,204.0,204.0,180.0,182.0,182.0,190.0,,-27,8359617
21.4964,2019-09-08 18:45:47.905015,190.0,186.0,204.0,190.0,182.0,180.0,182.0,178.0,,-45,8353081
21.5437,2019-09-08 18:45:47.931038,190.0,204.0,214.0,190.0,190.0,186.0,182.0,180.0,,-53,8351386
21.5698,2019-09-08 18:45:47.957367,214.0,204.0,190.0,212.0,178.0,188.0,188.0,188.0,,-61,8352413
21.5961,2019-09-08 18:45:47.985108,204.0,212.0,214.0,186.0,186.0,188.0,192.0,180.0,,-67,8356659
21.6236,2019-09-08 18:45:48.013017,212.0,206.0,206.0,186.0,194.0,188.0,180.0,194.0,,-73,8360562
21.6514,2019-09-08 18:45:48.039650,186.0,206.0,214.0,190.0,192.0,192.0,196.0,188.0,,-75,8365853
21.678,2019-09-08 18:45:48.064838,186.0,208.0,188.0,186.0,180.0,206.0,188.0,216.0,,-75,8367822
21.7032,2019-09-08 18:45:48.094303,186.0,206.0,280.0,190.0,180.0,186.0,186.0,274.0,,-74,8365593
21.7327,2019-09-08 18:45:48.116269,186.0,206.0,406.0,190.0,192.0,180.0,192.0,364.0,,-73,8361829
21.7546,2019-09-08 18:45:48.141452,186.0,210.0,186.0,210.0,190.0,178.0,404.0,412.0,,-73,8358548
21.7799,2019-09-08 18:45:48.183930,216.0,192.0,188.0,218.0,192.0,178.0,178.0,204.0,,-71,8352555
21.8224,2019-09-08 18:45:48.217343,728.0,200.0,192.0,226.0,196.0,178.0,458.0,218.0,,-71,8353493
21.8557,2019-09-08 18:45:48.242763,230.0,210.0,704.0,212.0,212.0,216.0,180.0,226.0,,-71,8356389
21.8812,2019-09-08 18:45:48.271041,238.0,198.0,242.0,636.0,230.0,232.0,238.0,242.0,,-72,8354261
21.9098,2019-09-08 18:45:48.312992,238.0,202.0,256.0,248.0,256.0,260.0,502.0,254.0,,-72,8353697
21.9515,2019-09-08 18:45:48.364047,264.0,210.0,274.0,276.0,276.0,184.0,462.0,254.0,,-74,8355379
22.0025,2019-09-08 18:45:48.412984,292.0,298.0,220.0,298.0,186.0,414.0,410.0,258.0,,-75,8355991
22.0514,2019-09-08 18:45:48.474970,322.0,232.0,320.0,324.0,388.0,266.0,268.0,342.0,,-78,8355123
22.1135,2019-09-08 18:45:48.490838,280.0,276.0,352.0,336.0,348.0,364.0,278.0,364.0,,-79,8356053
22.1293,2019-09-08 18:45:48.522167,364.0,256.0,252.0,372.0,192.0,332.0,294.0,390.0,,-79,8355988
22.1607,2019-09-08 18:45:48.540631,242.0,356.0,258.0,382.0,302.0,310.0,414.0,202.0,,-80,8356271
22.179,2019-09-08 18:45:48.567686,386.0,262.0,234.0,388.0,258.0,332.0,448.0,210.0,,-80,8357175
22.2065,2019-09-08 18:45:48.594527,390.0,266.0,232.0,392.0,216.0,352.0,474.0,220.0,,-80,8356645
22.2331,2019-09-08 18:45:48.624072,228.0,390.0,270.0,400.0,224.0,196.0,362.0,490.0,,-79,8356040
22.2625,2019-09-08 18:45:48.652569,270.0,224.0,372.0,224.0,362.0,192.0,362.0,478.0,,-78,8355206
22.291,2019-09-08 18:45:48.678009,404.0,222.0,334.0,262.0,358.0,462.0,454.0,248.0,,-75,8352420
22.3165,2019-09-08 18:45:48.705058,258.0,218.0,218.0,284.0,346.0,342.0,408.0,254.0,,-72,8350313
22.3435,2019-09-08 18:45:48.729970,334.0,216.0,238.0,238.0,180.0,312.0,352.0,180.0,,-69,8346946
22.3685,2019-09-08 18:45:48.755492,272.0,262.0,214.0,212.0,282.0,306.0,250.0,246.0,,-63,8344302
22.394,2019-09-08 18:45:48.782009,206.0,232.0,212.0,200.0,180.0,238.0,228.0,220.0,,-56,8345548
22.4207,2019-09-08 18:45:48.812653,212.0,194.0,212.0,192.0,214.0,196.0,204.0,204.0,,-45,8344988
22.4511,2019-09-08 18:45:48.836724,212.0,190.0,214.0,190.0,184.0,180.0,194.0,182.0,,-39,8344572
22.4752,2019-09-08 18:45:48.880259,214.0,186.0,212.0,190.0,188.0,178.0,182.0,182.0,,-33,8344257
22.5188,2019-09-08 18:45:48.906633,214.0,204.0,214.0,190.0,186.0,178.0,182.0,186.0,,-31,8343261
22.545,2019-09-08 18:45:48.934916,214.0,190.0,190.0,204.0,186.0,190.0,178.0,184.0,,-32,8341804
22.5734,2019-09-08 18:45:48.957997,204.0,190.0,186.0,204.0,190.0,178.0,182.0,184.0,,-34,8342576
22.5965,2019-09-08 18:45:48.986651,214.0,190.0,214.0,214.0,190.0,178.0,182.0,182.0,,-38,8341853
22.6251,2019-09-08 18:45:49.011738,204.0,190.0,186.0,204.0,182.0,186.0,182.0,186.0,,-41,8343216
22.6502,2019-09-08 18:45:49.038343,204.0,204.0,186.0,204.0,178.0,182.0,186.0,192.0,,-44,8345309
22.6767,2019-09-08 18:45:49.064108,204.0,188.0,186.0,204.0,178.0,178.0,182.0,192.0,,-49,8345579
22.7025,2019-09-08 18:45:49.090096,214.0,204.0,188.0,204.0,178.0,182.0,184.0,190.0,,-52,8343541
22.7288,2019-09-08 18:45:49.119542,204.0,214.0,190.0,186.0,178.0,182.0,184.0,190.0,,-57,8342700
22.7579,2019-09-08 18:45:49.144358,204.0,214.0,190.0,186.0,178.0,182.0,184.0,190.0,,-60,8343517
22.7828,2019-09-08 18:45:49.171270,204.0,214.0,190.0,186.0,190.0,178.0,184.0,184.0,,-63,8344334
22.8097,2019-09-08 18:45:49.198089,190.0,190.0,190.0,214.0,190.0,178.0,184.0,184.0,,-66,8343482
22.837,2019-09-08 18:45:49.223274,186.0,204.0,214.0,204.0,190.0,178.0,188.0,184.0,,-68,8342641
22.8619,2019-09-08 18:45:49.246445,204.0,190.0,186.0,204.0,190.0,178.0,178.0,184.0,,-70,8343053
22.8851,2019-09-08 18:45:49.275177,206.0,190.0,216.0,204.0,194.0,184.0,190.0,178.0,,-70,8343129
22.9138,2019-09-08 18:45:49.301557,206.0,190.0,222.0,206.0,198.0,184.0,190.0,178.0,,-70,8343482
22.9403,2019-09-08 18:45:49.334445,190.0,186.0,258.0,272.0,204.0,188.0,190.0,178.0,,-69,8343344
22.9732,2019-09-08 18:45:49.357767,186.0,206.0,190.0,368.0,210.0,188.0,194.0,178.0,,-68,8342991
22.9967,2019-09-08 18:45:49.396587,186.0,212.0,190.0,190.0,194.0,230.0,198.0,202.0,,-68,8342399
23.0353,2019-09-08 18:45:49.437853,188.0,218.0,194.0,220.0,240.0,208.0,212.0,214.0,,-68,8342060
23.0766,2019-09-08 18:45:49.444552,190.0,542.0,548.0,190.0,250.0,220.0,224.0,182.0,,-68,8343240
23.0832,2019-09-08 18:45:49.464448,192.0,580.0,204.0,192.0,226.0,230.0,234.0,182.0,,-68,8342572
23.1034,2019-09-08 18:45:49.493185,194.0,610.0,194.0,194.0,240.0,242.0,246.0,274.0,,-70,8341873
23.1321,2019-09-08 18:45:49.533490,214.0,606.0,218.0,198.0,276.0,258.0,256.0,284.0,,-71,8342275
23.1721,2019-09-08 18:45:49.582169,572.0,200.0,250.0,250.0,288.0,274.0,188.0,296.0,,-73,8342233
23.2208,2019-09-08 18:45:49.631191,544.0,234.0,202.0,258.0,306.0,292.0,194.0,310.0,,-74,8341866
23.27,2019-09-08 18:45:49.677728,264.0,206.0,274.0,276.0,320.0,310.0,196.0,198.0,,-75,8343008
23.3166,2019-09-08 18:45:49.706137,462.0,458.0,452.0,286.0,304.0,316.0,198.0,304.0,,-76,8342323
23.3445,2019-09-08 18:45:49.727885,442.0,442.0,440.0,438.0,302.0,318.0,318.0,198.0,,-76,8342773
23.3668,2019-09-08 18:45:49.760493,296.0,298.0,212.0,300.0,316.0,320.0,198.0,298.0,,-77,8342745
23.3997,2019-09-08 18:45:49.781505,212.0,306.0,256.0,212.0,300.0,314.0,198.0,304.0,,-78,8342880
23.4204,2019-09-08 18:45:49.818567,212.0,410.0,254.0,212.0,308.0,314.0,196.0,310.0,,-79,8342828
23.4576,2019-09-08 18:45:49.838915,212.0,306.0,420.0,248.0,298.0,304.0,194.0,310.0,,-80,8342462
23.4775,2019-09-08 18:45:49.861889,300.0,300.0,242.0,242.0,286.0,294.0,192.0,306.0,,-81,8342877
23.5005,2019-09-08 18:45:49.888459,208.0,296.0,238.0,450.0,192.0,284.0,190.0,300.0,,-82,8342655
23.5271,2019-09-08 18:45:49.916858,206.0,292.0,230.0,450.0,276.0,274.0,298.0,270.0,,-83,8342700
23.5555,2019-09-08 18:45:49.943704,228.0,202.0,202.0,412.0,268.0,266.0,296.0,296.0,,-84,8342700
23.5823,2019-09-08 18:45:49.971050,202.0,288.0,360.0,224.0,262.0,188.0,298.0,256.0,,-85,8342853
23.61,2019-09-08 18:45:50.000106,222.0,200.0,306.0,282.0,260.0,188.0,298.0,252.0,,-85,8343219
23.6391,2019-09-08 18:45:50.026145,280.0,274.0,196.0,196.0,260.0,188.0,252.0,252.0,,-85,8342666
23.6648,2019-09-08 18:45:50.055526,276.0,274.0,194.0,274.0,188.0,294.0,250.0,260.0,,-86,8342648
23.6944,2019-09-08 18:45:50.078811,236.0,270.0,234.0,234.0,260.0,188.0,250.0,262.0,,-86,8342787
23.7175,2019-09-08 18:45:50.105790,192.0,262.0,262.0,230.0,188.0,288.0,250.0,262.0,,-86,8343849
23.7447,2019-09-08 18:45:50.132754,200.0,190.0,250.0,200.0,188.0,284.0,252.0,264.0,,-86,8344787
23.7715,2019-09-08 18:45:50.160317,246.0,228.0,198.0,226.0,190.0,282.0,252.0,264.0,,-86,8344811
23.7991,2019-09-08 18:45:50.190664,198.0,188.0,226.0,198.0,282.0,252.0,266.0,282.0,,-86,8347984
23.8294,2019-09-08 18:45:50.217586,198.0,198.0,188.0,232.0,282.0,252.0,266.0,188.0,,-86,8351192
23.8565,2019-09-08 18:45:50.249361,224.0,200.0,198.0,188.0,280.0,250.0,266.0,188.0,,-87,8357787
23.8882,2019-09-08 18:45:50.273006,224.0,224.0,198.0,188.0,280.0,250.0,252.0,186.0,,-87,8364479
23.9117,2019-09-08 18:45:50.299348,186.0,220.0,194.0,186.0,280.0,250.0,262.0,188.0,,-87,8369327
23.938,2019-09-08 18:45:50.326550,192.0,186.0,224.0,224.0,282.0,250.0,260.0,188.0,,-87,8369234
23.9651,2019-09-08 18:45:50.357758,186.0,224.0,224.0,190.0,250.0,260.0,186.0,250.0,,-87,8371400
23.9966,2019-09-08 18:45:50.383532,186.0,212.0,212.0,222.0,284.0,248.0,258.0,284.0,,-87,8370099
24.0222,2019-09-08 18:45:50.425761,222.0,190.0,186.0,208.0,250.0,258.0,186.0,286.0,,-87,8366368
24.0645,2019-09-08 18:45:50.442998,184.0,188.0,220.0,190.0,248.0,258.0,186.0,286.0,,-87,8363334
24.0821,2019-09-08 18:45:50.468550,210.0,234.0,210.0,186.0,258.0,186.0,290.0,288.0,,-87,8357130
24.1073,2019-09-08 18:45:50.494111,186.0,214.0,246.0,192.0,258.0,186.0,186.0,248.0,,-87,8354296
24.1328,2019-09-08 18:45:50.524972,186.0,246.0,218.0,194.0,256.0,258.0,186.0,290.0,,-87,8351590
24.164,2019-09-08 18:45:50.549227,194.0,186.0,258.0,194.0,250.0,288.0,288.0,290.0,,-87,8351302
24.1876,2019-09-08 18:45:50.575530,218.0,290.0,196.0,188.0,252.0,260.0,186.0,288.0,,-87,8350008
24.2144,2019-09-08 18:45:50.604311,188.0,220.0,198.0,222.0,262.0,188.0,188.0,284.0,,-87,8349555
24.243,2019-09-08 18:45:50.636242,222.0,356.0,358.0,188.0,256.0,188.0,282.0,258.0,,-86,8349714
24.2749,2019-09-08 18:45:50.660716,188.0,366.0,198.0,188.0,188.0,188.0,280.0,262.0,,-86,8348441
24.2994,2019-09-08 18:45:50.690190,200.0,378.0,198.0,188.0,188.0,278.0,264.0,264.0,,-86,8347382
24.329,2019-09-08 18:45:50.717729,390.0,394.0,200.0,228.0,270.0,188.0,276.0,268.0,,-86,8346309
24.3564,2019-09-08 18:45:50.744605,228.0,200.0,190.0,428.0,272.0,188.0,276.0,270.0,,-86,8346171
24.3833,2019-09-08 18:45:50.772703,190.0,230.0,230.0,202.0,190.0,274.0,274.0,272.0,,-86,8345548
24.4116,2019-09-08 18:45:50.807385,190.0,232.0,190.0,204.0,190.0,270.0,278.0,280.0,,-86,8345264
24.4461,2019-09-08 18:45:50.830683,232.0,486.0,206.0,234.0,268.0,268.0,282.0,190.0,,-86,8345666
24.4695,2019-09-08 18:45:50.862011,208.0,486.0,236.0,210.0,264.0,284.0,284.0,192.0,,-86,8345486
24.5008,2019-09-08 18:45:50.886446,488.0,210.0,210.0,192.0,192.0,260.0,286.0,288.0,,-86,8346081
24.5253,2019-09-08 18:45:50.914056,192.0,240.0,502.0,192.0,258.0,286.0,290.0,256.0,,-86,8344686
24.5524,2019-09-08 18:45:50.940077,242.0,242.0,192.0,244.0,286.0,286.0,290.0,254.0,,-86,8343842
24.5786,2019-09-08 18:45:50.969143,534.0,538.0,216.0,246.0,254.0,292.0,194.0,252.0,,-86,8345050
24.6078,2019-09-08 18:45:50.993369,192.0,560.0,562.0,192.0,252.0,194.0,252.0,290.0,,-86,8344479
24.632,2019-09-08 18:45:51.034811,248.0,192.0,248.0,576.0,290.0,294.0,294.0,194.0,,-86,8343828
