1567993477.46918,0,0.72,-0.014518
1567993478.46918,0,0.72,-0.01413
1567993479.46918,0,0.72,-0.013762
1567993480.46918,0,0.72,-0.015531
1567993481.46918,0,0.72,-0.015205
1567993482.46918,0,0.72,-0.014952
1567993483.46918,0,0.72,-0.014782
1567993484.46918,0,0.72,-0.014702
1567993485.46918,0,0.72,-0.014711
1567993486.46918,0,0.72,-0.014805
1567993487.46918,0,0.72,-0.014968
1567993488.46918,0,0.72,-0.017234
1567993489.46918,0,0.72,-0.017503
1567993490.46918,0,0.72,-0.01778
1567993491.46918,0,0.72,-0.018048
1567993492.46918,0,0.72,-0.018296
1567993493.46918,0,0.72,-0.018511
1567993494.46918,0,0.72,-0.018687
1567993495.46918,0,0.72,-0.018825
1567993496.46918,0,0.72,-0.018925
1567993497.46918,0,0.72,-0.018981
1567993498.46918,-0.72,0,-0.025773
1567993499.46918,-0.72,0,-0.027971
1567993500.46918,-0.72,0,-0.027847
1567993501.46918,-0.72,0,-0.032153
1567993502.46918,-0.72,0,-0.031942
1567993503.46918,-0.72,0,-0.029527
1567993504.46918,0,0,-0.027156
1567993505.46918,0,0,-0.024831
1567993506.46918,0,0,-0.022539
1567993507.46918,0,0,-0.020271
1567993508.46918,0,0,-0.020168
1567993509.46918,0,0,-0.022192
1567993510.46918,0,0,-0.022057
1567993511.46918,0,0,-0.028233
1567993512.46918,0,0,-0.030127
1567993513.46918,0,0,-0.034082
1567993514.46918,0,0,-0.033881
1567993515.46918,0,0,-0.031663
1567993516.46918,0,0,-0.035659
1567993517.46918,0,0,-0.035603
1567993518.46918,0,0,-0.037664
1567993519.46918,0,0,-0.039803
1567993520.46918,0,0,-0.042025
1567993521.46918,0,0,-0.042255
1567993522.46918,0,0,-0.042515
1567993523.46918,0,0,-0.044868
1567993524.46918,0,0,-0.042987
1567993525.46918,0,0,-0.043141
1567993526.46918,0,0,-0.041111
1567993527.46918,0,0,-0.036908
1567993528.46918,0,0,-0.036925
1567993529.46918,0,0,-0.03907
1567993530.46918,0,0,-0.039118
1567993531.46918,-0.72,0,-0.039214
1567993532.46918,-0.72,0,-0.039374
1567993533.46918,-0.72,0,-0.041751
1567993534.46918,-0.72,0,-0.042035
1567993535.46918,-0.72,0,-0.042329
1567993536.46918,-0.72,0,-0.0426
1567993537.46918,-0.72,0,-0.040622
1567993538.46918,-0.72,0,-0.03857
1567993539.46918,-0.72,0,-0.038662
1567993540.46918,-0.72,0,-0.034232
1567993541.46918,-0.72,0,-0.029741
1567993542.46918,-0.72,0,-0.027437
1567993543.46918,-0.72,0,-0.025113
1567993544.46918,-0.72,0,-0.022783
1567993545.46918,-0.72,0,-0.018283
1567993546.46918,-0.72,0,-0.018165
1567993547.46918,-0.72,0,-0.013753
1567993548.46918,-0.72,0,-0.011539
1567993549.46918,-0.72,0,-0.0072246
1567993550.46918,-0.72,0,-0.0071949
1567993551.46918,-0.72,0,-0.0029412
1567993552.46918,-0.72,0,0.0012827
1567993553.46918,-0.72,0,0.0033866
1567993554.46918,-0.72,0,0.0054987
1567993555.46918,-0.72,0,0.0055179
1567993556.46918,-0.72,0,0.003419
1567993557.46918,-0.72,0,0.0012997
1567993558.46918,-0.72,0,0.0013047
1567993559.46918,-1.44,0,-0.0072882
1567993560.46918,-1.44,0,-0.0072971
1567993561.46918,-1.44,0,-0.0073022
1567993562.46918,-1.44,0,-0.0094604
1567993563.46918,-1.44,0,-0.0094649
1567993564.46918,-1.44,0,-0.0051573
1567993565.46918,-1.44,0,0.0077903
1567993566.46918,-1.44,0,0.0078043
1567993567.46918,-1.44,0,0.012158
1567993568.46918,-1.44,0,0.014359
1567993569.46918,-1.44,0,0.018732
1567993570.46918,-1.44,0,0.018736
1567993571.46918,-1.44,0,0.023062
1567993572.46918,-1.44,0,0.023014
1567993573.46918,-1.44,0,0.025119
1567993574.46918,-1.44,0,0.025047
1567993575.46918,-1.44,0,0.024973
1567993576.46918,-1.44,0,0.024903
1567993577.46918,-1.44,0,0.024844
1567993578.46918,-1.44,0,0.024803
1567993579.46918,-1.44,0,0.026921
1567993580.46918,-1.44,0,0.026935
1567993581.46918,-1.44,0,0.031262
1567993582.46918,-1.44,0,0.0335
1567993583.46918,-1.44,0,0.035784
1567993584.46918,-1.44,0,0.035949
1567993585.46918,-1.44,0,0.038314
1567993586.46918,-1.44,0,0.038535
1567993587.46918,-1.44,0,0.038757
1567993588.46918,-1.44,0,0.036741
1567993589.46918,-1.44,0,0.036876
1567993590.46918,-1.44,0,0.034724
1567993591.46918,-1.44,0,0.034731
1567993592.46918,-1.44,0,0.034687
1567993593.46918,-1.44,0,0.036819
1567993594.46918,-1.44,0,0.036689
1567993595.46918,-1.44,0,0.036524
1567993596.46918,-1.44,0,0.034146
1567993597.46918,-1.44,0,0.036126
1567993598.46918,-1.44,0,0.035909
1567993599.46918,-1.44,0,0.037834
1567993600.46918,-1.44,0,0.037585
1567993601.46918,-1.44,0,0.039446
1567993602.46918,-1.44,0,0.039196
1567993603.46918,-1.44,0,0.039029
1567993604.46918,-1.44,0,0.038987
1567993605.46918,-1.44,0,0.039075
1567993606.46918,-1.44,0,0.039258
1567993607.46918,-1.44,0,0.039495
1567993608.46918,-1.44,0,0.039754
1567993609.46918,-1.44,0,0.042176
1567993610.46918,-1.44,0,0.042458
1567993611.46918,-1.44,0,0.04271
1567993612.46918,-1.44,0,0.045091
1567993613.46918,-1.44,0,0.045222
1567993614.46918,-1.44,0,0.047487
1567993615.46918,-1.44,0,0.047518
1567993616.46918,-0.72,0,0.049734
1567993617.46918,-0.72,0,0.05417
1567993618.46918,-0.72,0,0.052056
1567993619.46918,-0.72,0,0.052203
1567993620.46918,-0.72,0,0.045729
1567993621.46918,-0.72,0,0.039196
1567993622.46918,-0.72,0,0.030353
1567993623.46918,-0.72,0,0.021442
1567993624.46918,-0.72,0,0.010271
1567993625.46918,-0.72,0,0.0057941
1567993626.46918,-0.72,0,-0.00086479
1567993627.46918,-0.72,0,-0.009631
1567993628.46918,-0.72,0,-0.016064
1567993629.46918,-0.72,0,-0.020185
1567993630.46918,0,0,-0.039011
1567993631.46918,0.72,0,-0.042633
1567993632.46918,0.72,0,-0.042026
1567993633.46918,0.72,0,-0.04556
1567993634.46918,1.44,0,-0.047096
1567993635.46918,2.16,0,-0.046731
1567993636.46918,2.16,0,-0.044533
1567993637.46918,2.88,0,-0.04053
1567993638.46918,3.6,0,-0.014738
1567993639.46918,3.6,0,-0.014831
1567993640.46918,3.6,0,-0.0028164
1567993641.46918,4.32,0,0.0094272
1567993642.46918,5.04,0,0.036437
1567993643.46918,5.76,0,0.076617
1567993644.46918,6.48,0,0.10909
1567993645.46918,7.2,0,0.1418
1567993646.46918,8.64,0,0.22514
1567993647.46918,9.36,0,0.27041
1567993648.46918,9.36,0,0.31983
1567993649.46918,10.08,0,0.38562
1567993650.46918,10.8,0,0.5059
1567993651.46918,11.52,0,0.62215
1567993652.46918,11.52,0,0.6537
1567993653.46918,10.8,0.72,0.77204
1567993654.46918,10.08,0.72,0.59104
1567993655.46918,9.36,0.72,0.32044
1567993656.46918,9.36,0.72,-0.035951
1567993657.46918,8.64,0.72,-0.45944
1567993658.46918,8.64,0.72,-0.97445
1567993659.46918,7.92,0.72,-1.5366
1567993660.46918,6.48,1.44,-2.1264
1567993661.46918,6.48,1.44,-2.677
1567993662.46918,6.48,1.44,-3.1467
1567993663.46918,6.48,1.44,-3.5445
1567993664.46918,6.48,1.44,-3.7997
1567993665.46918,5.76,1.44,-3.9221
1567993666.46918,5.04,1.44,-3.9397
1567993667.46918,5.04,2.16,-3.8021
1567993668.46918,5.04,2.16,-3.5366
1567993669.46918,5.04,2.88,-3.1788
1567993670.46918,5.04,4.32,-2.7155
1567993671.46918,4.32,5.76,-2.1858
1567993672.46918,4.32,8.64,-1.6105
1567993673.46918,3.6,10.08,-1.0409
1567993674.46918,3.6,12.24,-0.4855
1567993675.46918,2.88,13.68,0.023606
1567993676.46918,1.44,12.96,0.4633
1567993677.46918,1.44,12.24,0.7972
1567993678.46918,0.72,9.36,0.93418
1567993679.46918,0.72,9.36,1.0319
1567993680.46918,0.72,8.64,1.1625
1567993681.46918,1.44,7.2,0.70223
1567993682.46918,2.16,6.48,0.58489
1567993683.46918,2.16,6.48,0.48223
1567993684.46918,2.16,6.48,0.47807
1567993685.46918,2.16,6.48,0.49717
1567993686.46918,2.16,7.2,0.50427
1567993687.46918,2.16,7.92,0.55764
1567993688.46918,1.44,8.64,0.61561
1567993689.46918,1.44,8.64,0.62154
1567993690.46918,0.72,9.36,0.62704
1567993691.46918,0.72,9.36,0.60439
1567993692.46918,0,9.36,0.55233
1567993693.46918,0,9.36,0.50342
1567993694.46918,-0.72,8.64,0.45209
1567993695.46918,-0.72,8.64,0.42381
1567993696.46918,-1.44,7.92,0.3747
1567993697.46918,-1.44,7.92,0.37083
1567993698.46918,-1.44,7.2,0.38058
1567993699.46918,-1.44,7.2,0.41642
1567993700.46918,-1.44,6.48,0.46377
1567993701.46918,-1.44,6.48,0.48446
1567993702.46918,-1.44,5.04,0.55576
1567993703.46918,-1.44,5.04,0.58753
1567993704.46918,-0.72,4.32,0.60515
1567993705.46918,-0.72,4.32,0.61075
1567993706.46918,-0.72,4.32,0.5986
1567993707.46918,-0.72,10.08,0.20911
1567993708.46918,-0.72,12.96,0.19741
1567993709.46918,-0.72,15.84,0.059817
1567993710.46918,6.48,23.04,-0.34075
1567993711.46918,8.64,25.2,-0.29934
1567993712.46918,12.24,25.92,-0.34513
1567993713.46918,15.84,25.92,-0.40266
1567993714.46918,32.4,25.2,-0.52205
1567993715.46918,32.4,22.32,-0.43721
1567993716.46918,32.4,21.6,-0.36979
1567993717.46918,22.32,19.44,-0.31407
1567993718.46918,20.88,15.84,-0.22311
1567993719.46918,18,15.12,-0.078675
1567993720.46918,5.04,15.12,-0.041943
1567993721.46918,5.04,15.84,-0.14425
1567993722.46918,4.32,15.84,-0.39507
1567993723.46918,2.16,15.84,-0.9241
1567993724.46918,1.44,14.4,-1.8486
1567993725.46918,2.16,13.68,-2.7398
1567993726.46918,2.16,12.96,-3.526
1567993727.46918,3.6,12.24,-4.2678
1567993728.46918,3.6,12.24,-4.8407
1567993729.46918,2.88,11.52,-5.4489
1567993730.46918,3.6,10.8,-5.8962
1567993731.46918,3.6,9.36,-6.0764
1567993732.46918,3.6,8.64,-6.1882
1567993733.46918,2.88,7.92,-6.1058
1567993734.46918,2.16,7.2,-5.8136
1567993735.46918,0.72,6.48,-5.4196
1567993736.46918,0,5.76,-4.8307
1567993737.46918,0,5.04,-4.1694
1567993738.46918,0,5.04,-3.4978
1567993739.46918,0,5.76,-2.7997
1567993740.46918,0.72,6.48,-2.0983
1567993741.46918,0.72,7.92,-1.4606
1567993742.46918,0.72,8.64,-0.88892
1567993743.46918,0.72,12.24,-0.41021
1567993744.46918,0.72,13.68,-0.036964
1567993745.46918,0.72,18,0.23981
1567993746.46918,1.44,23.04,0.38582
1567993747.46918,2.16,28.8,0.43874
1567993485.26071,2.88,34.56,0.45047
1567993485.28797,4.32,40.32,0.40812
1567993485.31236,6.48,43.2,0.34668
1567993485.3385,10.8,45.36,0.19446
1567993485.3638,14.4,46.08,0.095101
1567993485.38901,20.16,46.8,-0.0032889
1567993485.41852,30.24,46.8,-0.17306
1567993485.44026,34.56,45.36,-0.25683
1567993485.46667,38.88,43.92,-0.2951
1567993485.4989,40.32,41.04,-0.38912
1567993485.51263,40.32,38.16,-0.3844
1567993485.54063,38.88,35.28,-0.41133
1567993485.56396,36,31.68,-0.44656
1567993485.59001,33.12,26.64,-0.50589
1567993485.61704,30.24,23.76,-0.54874
1567993485.64106,25.2,20.16,-0.51551
1567993485.6646,21.6,18,-0.48361
1567993485.68838,18,15.12,-0.48647
1567993485.71533,15.12,12.96,-0.4558
1567993485.74574,10.8,11.52,-0.31884
1567993485.76578,7.92,10.8,-0.28208
1567993485.78947,6.48,10.08,-0.17712
1567993485.81141,5.04,10.08,-0.060726
1567993485.83804,4.32,10.08,0.029182
1567993485.86454,4.32,10.08,0.11696
1567993485.8908,5.04,10.8,0.21398
1567993485.91572,4.32,10.8,0.26004
1567993485.94063,4.32,10.8,0.25754
1567993485.96519,4.32,10.08,0.36825
1567993485.99962,3.6,9.36,0.41971
1567993486.08544,1.44,7.92,0.43489
1567993486.11077,1.44,7.2,0.44878
1567993486.16074,0.72,5.76,0.41019
1567993486.2074,0.72,5.04,0.46983
1567993486.25185,0.72,4.32,0.53494
1567993486.27629,0,4.32,0.59274
1567993486.29035,0,4.32,0.57297
1567993486.31727,0,3.6,0.54272
1567993486.34811,0,3.6,0.5207
1567993486.37396,0.72,2.88,0.51209
1567993486.39843,0.72,2.88,0.47212
1567993486.42105,0.72,2.88,0.4436
1567993486.45458,2.16,3.6,0.40375
1567993486.47169,2.88,4.32,0.36585
1567993486.49637,5.04,5.04,0.27726
1567993486.52187,7.2,7.92,0.18902
1567993486.54379,10.8,8.64,0.065061
1567993486.56829,15.12,10.8,-0.071593
1567993486.59207,25.2,14.4,-0.21844
1567993486.61812,32.4,18.72,-0.34332
1567993486.64295,37.44,23.76,-0.43085
1567993486.6735,42.48,30.24,-0.46538
1567993486.69262,44.64,36,-0.48877
1567993486.7191,45.36,42.48,-0.48558
1567993486.74271,45.36,45.36,-0.40442
1567993486.76917,43.92,46.8,-0.27967
1567993486.79503,41.76,46.8,-0.12312
1567993486.82062,38.16,46.08,0.067653
1567993486.84314,34.56,44.64,0.26052
1567993486.87018,30.96,41.76,0.44067
1567993486.89213,27.36,40.32,0.58534
1567993486.91672,22.32,36.72,0.68155
1567993486.94321,18.72,30.96,0.76296
1567993486.97459,13.68,26.64,0.81061
1567993487.00105,10.8,20.88,0.84474
1567993487.04349,5.76,15.84,0.76557
1567993487.06158,3.6,12.96,0.75736
1567993487.07961,2.16,12.24,0.73488
1567993487.09529,2.16,10.08,0.74303
1567993487.12076,1.44,8.64,0.71924
1567993487.14733,2.16,7.92,0.73525
1567993487.16979,2.16,7.92,0.67925
1567993487.19243,1.44,7.92,0.69004
1567993487.22321,1.44,7.92,0.72347
1567993487.24658,1.44,7.92,0.66788
1567993487.27125,1.44,8.64,0.65455
1567993487.2944,0.72,8.64,0.68543
1567993487.31905,0.72,8.64,0.63796
1567993487.35259,0.72,9.36,0.68872
1567993487.38406,0,9.36,0.70217
1567993487.43612,0.72,9.36,0.80949
1567993487.48257,0,8.64,0.65859
1567993487.52109,0,7.2,0.56589
1567993487.5434,0,7.2,0.57027
1567993487.56456,0,6.48,0.55968
1567993487.5891,0,5.76,0.48799
1567993487.61606,0,5.04,0.458
1567993487.64123,0,5.04,0.53629
1567993487.66428,0,5.04,0.62243
1567993487.68909,0,5.04,0.65908
1567993487.71404,0,5.04,0.67809
1567993487.74443,0.72,4.32,0.68435
1567993487.76527,2.16,4.32,0.62287
1567993487.7908,3.6,4.32,0.51357
1567993487.81521,6.48,5.04,0.43236
1567993487.84255,10.08,6.48,0.37423
1567993487.89784,26.64,10.8,0.42326
1567993487.91486,34.56,12.24,0.26928
1567993487.93803,41.04,16.56,0.09624
1567993487.96174,45.36,23.76,-0.094642
1567993487.99382,48.96,31.68,-0.25435
1567993488.00904,50.4,38.16,-0.36916
1567993488.03137,50.4,42.48,-0.47067
1567993488.05581,49.68,46.08,-0.50627
1567993488.08149,48.24,47.52,-0.48714
1567993488.10424,46.08,47.52,-0.37161
1567993488.12769,41.76,46.8,-0.20164
1567993488.15347,38.16,45.36,0.0014614
1567993488.18531,31.68,42.48,0.20997
1567993488.20271,27.36,39.6,0.40628
1567993488.22616,23.04,36,0.58009
1567993488.25074,18.72,31.68,0.72413
1567993488.27261,14.4,27.36,0.84381
1567993488.29728,10.8,23.76,0.94687
1567993488.32028,7.2,18,1.042
1567993488.34612,2.88,13.68,1.0735
1567993488.36978,0.72,11.52,1.1019
1567993488.39572,0,9.36,1.0295
1567993488.41934,0.72,7.2,0.9675
1567993488.44452,0.72,7.2,0.83479
1567993488.46968,0,7.2,0.73685
1567993488.49664,0,7.2,0.7746
1567993488.52076,0.72,7.92,0.81229
1567993488.54296,1.44,8.64,0.79182
1567993488.56735,0.72,9.36,0.75901
1567993488.60148,0,10.08,0.71838
1567993488.6202,0,10.8,0.58628
1567993488.64451,-0.72,10.8,0.59415
1567993488.66821,-0.72,10.08,0.61355
1567993488.74328,-0.72,8.64,0.69969
1567993488.75458,-0.72,7.92,0.71105
1567993488.88365,-0.72,2.88,0.64467
1567993488.90068,-0.72,2.88,0.56882
1567993488.92377,-0.72,2.88,0.56085
1567993488.94929,-0.72,2.88,0.60028
1567993488.97292,-0.72,2.16,0.60718
1567993488.99681,0,2.16,0.60215
1567993489.02329,1.44,2.16,0.61981
1567993489.04709,2.88,2.88,0.63086
1567993489.07264,5.04,5.04,0.59192
1567993489.09685,10.08,6.48,0.58062
1567993489.11743,12.24,8.64,0.61343
1567993489.14165,22.32,11.52,0.77944
1567993489.16627,30.24,15.12,0.8742
1567993489.18978,37.44,22.32,0.95229
1567993489.21614,43.92,30.96,1.0197
1567993489.23767,46.8,37.44,1.1336
1567993489.26154,48.24,43.2,1.2888
1567993489.28531,49.68,46.8,1.36
1567993489.31664,48.96,49.68,1.4873
1567993489.33525,47.52,49.68,1.4914
1567993489.35828,45.36,48.96,1.4602
1567993489.38235,42.48,47.52,1.4045
1567993489.40394,38.16,45.36,1.3354
1567993489.42996,33.84,43.2,1.2334
1567993489.51599,13.68,29.52,0.91149
1567993489.53338,11.52,24.48,0.78043
1567993489.57908,4.32,15.12,0.67492
1567993489.59933,2.16,11.52,0.65966
1567993489.62758,0.72,7.2,0.61594
1567993489.64645,1.44,5.76,0.60513
1567993489.67041,2.16,5.04,0.51346
1567993489.69581,1.44,5.76,0.48805
1567993489.7266,1.44,7.2,0.39379
1567993489.7456,2.16,7.92,0.4817
1567993489.77135,2.88,8.64,0.60752
1567993489.79313,2.88,9.36,0.65792
1567993489.81614,2.88,10.08,0.67774
1567993489.8411,2.16,10.8,0.62094
1567993489.8659,2.16,10.8,0.47205
1567993489.9077,1.44,10.8,0.43213
1567993489.93104,1.44,10.8,0.4436
1567993489.9704,1.44,9.36,0.4705
1567993490.04295,1.44,7.2,0.44032
1567993490.06349,1.44,6.48,0.4407
1567993490.08636,1.44,5.76,0.40001
1567993490.10745,0.72,5.04,0.33994
1567993490.13822,0.72,4.32,0.27613
1567993490.15684,0.72,3.6,0.21384
1567993490.18634,0.72,3.6,0.17793
1567993490.20871,1.44,2.88,0.1531
1567993490.24162,2.16,2.88,0.15109
1567993490.29498,6.48,2.16,0.14939
1567993490.30251,7.92,4.32,0.16806
1567993490.32516,10.08,6.48,0.19513
1567993490.35122,16.56,9.36,0.24246
1567993490.37046,19.44,12.24,0.31005
1567993490.40366,36,20.16,0.36357
1567993490.41962,39.6,23.76,0.40519
1567993490.44392,45.36,36,0.40311
1567993490.46893,50.4,41.76,0.41901
1567993490.49254,51.84,46.8,0.38349
1567993490.51661,51.12,49.68,0.40219
1567993490.55011,48.24,51.12,0.48681
1567993490.56302,47.52,51.12,0.50438
1567993490.58945,43.2,50.4,0.57821
1567993490.61236,38.88,48.96,0.61932
1567993490.64262,33.12,46.8,0.60558
1567993490.66064,30.24,45.36,0.58534
1567993490.68551,23.76,41.04,0.57138
1567993490.7134,18.72,37.44,0.54522
1567993490.73412,15.12,32.4,0.44156
1567993490.75752,10.8,27.36,0.32812
1567993490.78116,6.48,22.32,0.24863
1567993490.80601,3.6,18,0.19207
1567993490.83436,2.88,12.24,0.098053
1567993490.86196,3.6,10.08,0.016301
1567993490.88284,4.32,7.92,-0.023803
1567993490.90875,2.88,7.2,-0.21026
1567993490.93458,2.88,7.92,-0.14895
1567993490.96401,4.32,7.92,-0.21847
1567993490.9885,4.32,8.64,-0.48897
1567993491.01231,4.32,8.64,-0.62932
1567993491.04016,4.32,9.36,-0.44669
1567993491.11232,4.32,8.64,-0.20061
1567993491.12853,3.6,8.64,-0.14629
1567993491.14381,3.6,8.64,-0.05619
1567993491.18755,2.88,7.92,0.13177
1567993491.23364,1.44,7.2,0.13027
1567993491.27266,1.44,5.76,-0.34559
1567993491.31497,0.72,4.32,-0.4498
1567993491.3215,0.72,4.32,-0.41804
1567993491.33735,0.72,4.32,-0.39433
1567993491.37512,1.44,2.88,-0.32825
1567993491.38605,1.44,2.88,-0.32443
1567993491.43105,2.88,2.16,-0.28752
1567993491.43778,3.6,2.16,-0.27985
1567993491.48612,6.48,2.16,0.039767
1567993491.50488,8.64,3.6,0.080397
1567993491.53137,11.52,5.04,0.15694
1567993491.58494,25.2,11.52,0.51784
1567993491.60038,32.4,12.96,0.54271
1567993491.62441,38.88,20.16,0.56998
1567993491.64915,43.92,28.08,0.50329
1567993491.67321,46.8,36,0.38003
1567993491.69654,48.96,42.48,0.21693
1567993491.71908,48.96,46.8,0.19836
1567993491.74433,48.24,48.96,0.40402
1567993491.76899,46.08,49.68,0.3075
1567993491.7952,42.48,50.4,0.14815
1567993491.81933,38.88,48.96,0.031842
1567993491.84413,34.56,47.52,-0.067714
1567993491.86976,28.08,43.2,-0.12892
1567993491.89083,23.04,41.04,-0.16165
1567993491.93023,16.56,31.68,-0.15371
1567993491.94573,12.24,29.52,-0.14178
1567993491.96773,8.64,23.76,-0.10494
1567993491.99342,5.76,16.56,-0.060777
1567993492.01983,2.88,12.96,-0.018296
1567993492.04826,0.72,10.08,0.023363
1567993492.06891,0.72,7.2,0.062709
1567993492.09666,2.16,5.76,0.10058
1567993492.12121,2.88,5.76,0.10129
1567993492.1535,1.44,6.48,0.11153
1567993492.17201,2.16,6.48,0.26577
1567993492.19697,2.88,7.2,0.34033
1567993492.22156,2.88,7.92,0.41305
1567993492.25064,4.32,8.64,0.43688
1567993492.2741,4.32,8.64,0.36218
1567993492.29772,4.32,8.64,0.25829
1567993492.32149,4.32,7.92,0.20545
1567993492.36082,3.6,7.2,0.17272
1567993492.4177,2.88,5.04,0.18755
1567993492.45319,2.16,3.6,0.22989
1567993492.4742,1.44,2.88,0.30164
1567993492.50982,1.44,2.16,0.3837
1567993492.53464,1.44,1.44,0.37644
1567993492.55985,0.72,1.44,0.33916
1567993492.58687,1.44,0.72,0.27605
1567993492.61642,0.72,0.72,0.23405
1567993492.64103,1.44,0.72,0.21019
1567993492.6649,2.88,1.44,0.21238
1567993492.68909,5.76,1.44,0.22348
1567993492.71217,7.92,2.16,0.25573
1567993492.73867,11.52,5.04,0.31865
1567993492.76223,15.12,6.48,0.40192
1567993492.78575,25.92,10.8,0.62531
1567993492.81096,36,14.4,0.82468
1567993492.83682,43.92,21.6,0.90099
1567993492.86329,51.12,30.96,0.961
1567993492.88726,54,39.6,1.0464
1567993492.91223,54.72,48.96,1.0682
1567993492.93283,54,51.84,1.1112
1567993492.959,51.84,53.28,1.1736
1567993492.99145,47.52,52.56,1.4724
1567993493.01144,43.2,51.84,1.4763
1567993493.03786,38.16,49.68,1.3853
1567993493.06652,30.24,46.8,1.2463
1567993493.08611,25.92,43.2,1.0077
1567993493.11648,21.6,34.56,0.73182
1567993493.14069,14.4,28.08,0.57431
1567993493.19108,6.48,16.56,0.33587
1567993493.20164,4.32,13.68,0.27768
1567993493.22307,1.44,10.08,0.23957
1567993493.24864,0.72,7.92,0.22783
1567993493.27354,0.72,5.76,0.22746
1567993493.29729,2.16,5.76,0.25671
1567993493.32241,2.16,6.48,0.19861
1567993493.34361,2.88,7.2,0.17413
1567993493.37095,4.32,7.92,0.21844
1567993493.39149,5.04,8.64,0.36904
1567993493.4176,5.76,9.36,0.4976
1567993493.4408,5.76,9.36,0.57669
1567993493.46586,5.76,9.36,0.35727
1567993493.49075,5.76,8.64,0.21199
1567993493.51736,5.04,8.64,0.33593
1567993493.54424,4.32,7.92,0.62832
1567993493.56623,4.32,6.48,0.51381
1567993493.59193,1.44,5.76,0.4546
1567993493.61681,1.44,5.04,0.35498
1567993493.64396,1.44,4.32,0.31363
1567993493.66889,0.72,3.6,0.29203
1567993493.69215,0.72,2.88,0.29402
1567993493.72069,0.72,2.16,0.32163
1567993493.74154,0.72,1.44,0.35084
1567993493.76955,1.44,1.44,0.30808
1567993493.79456,2.16,0.72,0.30548
1567993493.83689,5.04,1.44,0.38459
1567993493.85716,7.92,2.16,0.36984
1567993493.88451,12.96,4.32,0.37475
1567993493.90663,17.28,5.76,0.42079
1567993493.92871,25.2,8.64,0.46805
1567993493.95243,34.56,11.52,0.58119
1567993493.9761,43.2,16.56,0.66131
1567993494.03853,54.72,41.76,0.63948
1567993494.04737,55.44,44.64,0.68787
1567993494.05715,55.44,47.52,0.73022
1567993494.07232,55.44,48.96,0.76609
1567993494.09657,52.56,51.12,0.79191
1567993494.16349,41.04,51.12,1.0214
1567993494.18975,36,46.8,1.0083
1567993494.19704,33.12,45.36,0.89013
1567993494.21608,29.52,42.48,0.81024
1567993494.24319,24.48,36,0.62677
1567993494.26988,16.56,30.96,0.45065
1567993494.29444,11.52,24.48,0.33404
1567993494.31704,7.2,18.72,0.21344
1567993494.34688,1.44,11.52,0.15416
1567993494.36918,-0.72,7.2,0.11904
1567993494.39763,0.72,5.04,0.12222
1567993494.46154,2.88,4.32,0.085592
1567993494.46996,2.88,5.04,0.12483
1567993494.48269,3.6,5.04,0.2001
1567993494.50348,4.32,5.76,0.25736
1567993494.52726,5.04,6.48,0.31132
1567993494.55141,5.76,7.92,0.27771
1567993494.57675,5.76,8.64,0.24519
1567993494.60205,5.04,9.36,0.1425
1567993494.62465,4.32,9.36,0.013064
1567993494.68245,2.16,7.2,0.05493
1567993494.75674,-0.72,4.32,0.23083
1567993494.77103,-0.72,3.6,0.22462
1567993494.79514,-1.44,3.6,0.18833
1567993494.81842,-2.16,2.16,0.16644
1567993494.84479,-2.16,2.16,0.13639
1567993494.87111,-2.16,1.44,0.082742
1567993494.8961,-2.16,1.44,0.045153
1567993494.91662,-1.44,1.44,0.013949
1567993494.95016,0,1.44,-0.0080124
1567993494.96401,0.72,1.44,-0.022411
1567993494.99023,2.88,2.88,-0.032826
1567993495.01454,7.92,4.32,-0.037664
1567993495.04082,12.24,7.2,-0.041954
1567993495.06582,22.32,9.36,-0.051181
1567993495.09291,30.96,11.52,-0.066039
1567993495.12086,43.92,16.56,-0.068869
1567993495.15745,52.56,28.8,-0.052729
1567993495.16648,54,33.12,-0.017779
1567993495.18708,55.44,40.32,0.033015
1567993495.21537,56.16,46.08,0.095655
1567993495.23787,54.72,48.96,0.17414
1567993495.26308,51.12,50.4,0.25342
1567993495.28854,46.8,50.4,0.30687
1567993495.31291,42.48,48.96,0.33953
1567993495.33786,37.44,45.36,0.33815
1567993495.36219,30.24,41.76,0.29818
1567993495.38847,25.92,36.72,0.22214
1567993495.42065,18,28.08,0.11526
1567993495.43666,12.96,23.04,0.0088374
1567993495.46282,8.64,18,-0.082833
1567993495.48967,2.88,12.24,-0.13926
1567993495.51434,1.44,7.2,-0.16256
1567993495.56501,2.16,4.32,-0.10446
1567993495.57496,2.16,3.6,-0.079732
1567993495.59129,2.88,3.6,-0.040691
1567993495.61986,3.6,5.04,0.0047748
1567993495.64117,3.6,4.32,0.068622
1567993495.6681,5.04,5.04,0.13286
1567993495.70246,5.76,5.76,0.18992
1567993495.72914,5.76,7.2,0.16672
1567993495.74084,5.04,7.2,0.16722
1567993495.77278,5.04,7.2,0.15424
1567993495.79045,5.04,6.48,0.14092
1567993495.83478,4.32,5.76,0.14923
1567993495.88234,2.88,3.6,0.083948
1567993495.92627,2.16,2.16,0.020633
1567993495.97625,1.44,0.72,-0.054506
1567993495.99375,0.72,0,-0.13962
1567993496.01451,0.72,0,-0.24157
1567993496.04377,2.16,-0.72,-0.31962
1567993496.08652,2.88,-1.44,-0.37228
1567993496.10096,2.88,-1.44,-0.36855
1567993496.12487,4.32,-0.72,-0.32723
1567993496.14773,6.48,0,-0.24324
1567993496.19244,15.12,4.32,-0.14057
1567993496.19923,18,6.48,-0.04579
1567993496.2359,30.24,11.52,0.063712
1567993496.25204,39.6,18,0.18529
1567993496.28016,47.52,26.64,0.3281
1567993496.30083,52.56,36,0.47036
1567993496.3253,55.44,45.36,0.56443
1567993496.35597,56.88,48.96,0.60011
1567993496.40656,52.56,49.68,0.52736
1567993496.41282,51.12,48.96,0.50945
1567993496.45527,41.76,48.24,0.636
1567993496.46541,38.88,42.48,0.58553
1567993496.48576,36,40.32,0.47284
1567993496.50562,31.68,35.28,0.38003
1567993496.52987,25.92,30.24,0.27052
1567993496.55781,17.28,21.6,0.18825
1567993496.59048,10.8,13.68,0.10543
1567993496.60844,5.76,9.36,0.078485
1567993496.63379,2.88,5.76,0.061758
1567993496.66125,0.72,2.88,0.065451
1567993496.72453,2.88,2.16,0.033775
1567993496.74205,3.6,2.88,0.049086
1567993496.74838,3.6,2.88,0.061373
1567993496.76703,4.32,2.16,0.10328
1567993496.79349,6.48,3.6,0.21733
1567993496.8132,6.48,3.6,0.24434
1567993496.83631,7.2,5.04,0.24415
1567993496.86861,6.48,7.2,0.12233
1567993496.89705,6.48,7.2,-0.019213
1567993496.91526,6.48,6.48,-0.063297
1567993496.95967,5.04,5.76,-0.12934
1567993497.00922,3.6,4.32,-0.10453
1567993497.0811,2.88,0.72,0.049283
1567993497.10702,2.88,0,0.074
1567993497.13223,2.88,-1.44,0.095837
1567993497.15595,1.44,-2.16,0.10006
1567993497.18693,2.88,-2.16,0.12681
1567993497.20408,3.6,-2.16,0.12567
1567993497.22708,4.32,-2.16,0.14429
1567993497.25144,5.76,-0.72,0.15955
1567993497.27925,9.36,0.72,0.16759
1567993497.33676,20.88,7.2,0.17295
1567993497.36652,34.56,13.68,0.27579
1567993497.37639,39.6,18,0.35155
1567993497.38997,43.2,23.04,0.43514
1567993497.41251,48.96,33.12,0.56996
1567993497.43652,53.28,40.32,0.65434
1567993497.46269,56.16,44.64,0.70242
1567993497.48494,56.16,47.52,0.73615
1567993497.51163,54.72,48.96,0.80065
1567993497.53585,50.4,48.96,0.93087
1567993497.55837,46.8,46.8,0.94648
1567993497.58655,42.48,44.64,0.9899
1567993497.60954,34.56,41.76,0.95102
1567993497.6313,28.8,38.16,0.8751
1567993497.65339,24.48,33.84,0.7813
1567993497.67762,20.16,28.08,0.61157
1567993497.70194,15.84,22.32,0.54267
1567993497.75048,5.76,11.52,0.42169
1567993497.75732,5.76,9.36,0.42448
1567993497.77786,2.88,6.48,0.41573
1567993497.80364,1.44,5.04,0.39561
1567993497.83111,2.88,5.04,0.45826
1567993497.85418,2.88,5.76,0.51183
1567993497.87836,3.6,5.76,0.51861
1567993497.899,4.32,7.2,0.60622
1567993497.93084,5.76,9.36,0.83889
1567993497.94733,5.76,9.36,0.90951
1567993497.98142,5.76,9.36,1.0104
1567993498.00354,5.76,8.64,1.146
1567993498.03462,5.76,7.2,1.2764
1567993498.06621,5.04,6.48,1.353
1567993498.14031,3.6,2.16,1.2156
1567993498.15991,1.44,0.72,1.1263
1567993498.18763,0.72,0,0.97234
1567993498.21845,0,0,0.88016
1567993498.35307,0.72,-0.72,0.93786
1567993498.36326,1.44,0,0.85438
1567993498.38338,2.88,1.44,0.7945
1567993498.4079,5.76,3.6,0.72314
1567993498.43503,12.96,6.48,0.60119
1567993498.45548,18.72,9.36,0.53122
1567993498.4824,26.64,15.12,0.49496
1567993498.50717,35.28,23.76,0.41948
1567993498.55247,49.68,41.04,0.34491
1567993498.55914,49.68,43.92,0.30414
1567993498.57863,51.84,45.36,0.25023
1567993498.60313,52.56,48.24,0.20839
1567993498.63347,51.12,48.96,0.22452
1567993498.65217,48.96,48.24,0.18878
1567993498.67688,46.8,46.08,0.17551
1567993498.70534,41.04,43.2,0.13264
1567993498.74856,30.96,35.28,0.071084
1567993498.76707,27.36,30.24,0.055456
1567993498.77703,24.48,27.36,0.055409
1567993498.80171,19.44,20.88,0.039044
1567993498.86535,6.48,15.12,0.018055
1567993498.88959,2.88,5.04,0.03474
1567993498.90514,1.44,4.32,0.038162
1567993498.92166,-0.72,2.88,0.04169
1567993498.95926,1.44,3.6,0.1
1567993498.97069,2.16,3.6,0.11093
1567993498.99524,1.44,4.32,0.084903
1567993499.01787,2.16,5.04,0.092598
1567993499.04345,3.6,5.76,0.19023
1567993499.06655,4.32,6.48,0.36361
1567993499.091,5.76,7.2,0.4464
1567993499.11789,6.48,6.48,0.54748
1567993499.14684,5.76,6.48,0.57024
1567993499.16608,5.04,6.48,0.57813
1567993499.19135,5.04,5.76,0.57023
1567993499.21499,4.32,5.04,0.544
1567993499.25818,2.88,3.6,0.44797
1567993499.30342,0.72,1.44,0.33109
1567993499.33389,0,0.72,0.25086
1567993499.38248,-1.44,0,0.42959
1567993499.40335,-1.44,-0.72,0.46276
1567993499.42734,-1.44,-1.44,0.51264
1567993499.45597,-1.44,-1.44,0.52796
1567993499.47549,-0.72,-1.44,0.55971
1567993499.59947,11.52,5.76,0.49871
1567993499.60846,13.68,6.48,0.50889
1567993499.62191,16.56,7.92,0.53301
1567993499.64084,23.76,9.36,0.57746
1567993499.67303,33.84,17.28,0.74084
1567993499.75016,46.8,39.6,0.93195
1567993499.76325,47.52,44.64,0.9971
1567993499.78356,48.96,46.08,1.0438
1567993499.81368,48.96,47.52,1.2282
1567993499.83376,47.52,47.52,1.3638
1567993499.86194,44.64,46.08,1.4353
1567993499.89128,41.76,44.64,1.4588
1567993499.91089,37.44,41.76,1.3675
1567993499.9333,33.84,38.16,1.2618
1567993499.96388,26.64,30.96,0.98784
1567993499.9897,23.04,24.48,0.60398
1567993500.00338,20.88,21.6,0.47944
1567993500.0313,15.12,15.12,0.31812
1567993500.05422,11.52,7.2,0.25627
1567993500.08331,6.48,3.6,0.23243
1567993500.09892,5.04,0.72,0.32153
1567993500.1344,1.44,0,0.43106
1567993500.14744,0.72,0,0.48197
1567993500.18862,1.44,1.44,0.65527
1567993500.20375,2.16,1.44,0.7416
1567993500.226,1.44,2.88,0.83634
1567993500.2472,1.44,3.6,0.91679
1567993500.28847,2.88,5.04,1.2295
1567993500.3002,3.6,5.04,1.318
1567993500.32134,4.32,4.32,1.5838
1567993500.34802,4.32,4.32,1.7275
1567993500.38234,4.32,4.32,1.7722
1567993500.39725,4.32,3.6,1.7476
1567993500.4456,3.6,3.6,1.5675
1567993500.61193,2.16,0.72,1.344
1567993500.6255,2.16,0.72,1.3452
1567993500.6515,2.16,0.72,1.3809
1567993500.68332,1.44,0.72,1.3917
1567993500.69513,1.44,1.44,1.3688
1567993500.71841,1.44,2.16,1.343
1567993500.74589,0.72,3.6,1.2924
1567993500.78733,-0.72,7.2,1.2197
1567993500.79567,-0.72,7.92,1.1476
1567993500.81379,0,8.64,1.0928
1567993500.83955,0.72,10.8,0.94998
1567993500.8631,2.88,12.96,0.82832
1567993500.8887,5.04,13.68,0.77454
1567993500.91191,7.92,14.4,0.72039
1567993500.93582,9.36,13.68,0.65166
1567993500.95903,12.24,12.96,0.60924
1567993500.99368,15.12,11.52,0.55536
1567993501.01146,15.84,10.8,0.4696
1567993501.03644,18,9.36,0.2762
1567993501.0625,19.44,9.36,0.11441
1567993501.09293,20.16,8.64,-0.1034
1567993501.11326,20.16,8.64,-0.12189
1567993501.13783,19.44,7.92,-0.091371
1567993501.1649,18,6.48,0.16301
1567993501.22821,12.96,5.04,0.84877
1567993501.24414,11.52,5.04,0.94853
1567993501.25669,10.08,4.32,1.1386
1567993501.2742,9.36,4.32,1.1978
1567993501.30708,5.76,3.6,1.279
1567993501.32261,5.04,3.6,1.2948
1567993501.36115,5.04,2.88,1.3045
1567993501.37861,5.04,2.88,1.312
1567993501.40218,3.6,2.16,1.314
1567993501.42379,2.88,2.16,1.3118
1567993501.45125,1.44,1.44,1.3038
1567993501.47512,0.72,1.44,1.2884
1567993501.51683,0,0.72,1.2685
1567993501.55074,0,0.72,1.2465
1567993501.59424,0,0,1.2169
1567993501.63214,-0.72,0,1.1772
1567993501.6546,-0.72,0,1.1355
1567993501.70143,-0.72,0,1.0992
1567993501.72758,-0.72,0,1.0651
1567993501.75719,-0.72,-0.72,1.0354
1567993501.8354,-0.72,-0.72,1.0107
1567993501.85078,-0.72,-0.72,0.99242
1567993501.85891,-0.72,-0.72,0.9829
1567993501.87666,-0.72,-0.72,0.98434
1567993501.90423,-0.72,-0.72,0.99526
1567993501.92839,-0.72,-0.72,1.0152
1567993501.96806,-0.72,-0.72,1.0425
1567993501.97652,-0.72,-0.72,1.0728
1567993501.99897,-0.72,-0.72,1.1041
1567993502.02722,-0.72,-0.72,1.1329
1567993502.04985,-0.72,-0.72,1.1565
1567993502.07713,-0.72,-0.72,1.1733
1567993502.10365,-0.72,-0.72,1.182
1567993502.12823,-0.72,-0.72,1.1823
1567993502.15135,-0.72,-0.72,1.1746
1567993502.18533,-0.72,-0.72,1.1611
1567993502.20106,-0.72,-0.72,1.1443
1567993502.22886,-0.72,-0.72,1.1262
1567993502.24861,-0.72,-0.72,1.1093
1567993502.27292,-0.72,-0.72,1.0938
1567993502.29836,-0.72,-1.44,1.0813
1567993502.32478,-0.72,-1.44,1.0704
1567993502.34837,-0.72,-1.44,1.0617
1567993502.37364,-0.72,-1.44,1.0542
1567993502.39786,-0.72,-1.44,1.0499
1567993502.42505,-0.72,-1.44,1.0492
1567993502.45046,-0.72,-1.44,1.0532
1567993502.47443,-0.72,-1.44,1.0613
1567993502.49932,-0.72,-1.44,1.0731
1567993502.54048,-0.72,-1.44,1.0872
1567993502.5553,-0.72,-1.44,1.1029
1567993502.57825,-0.72,-1.44,1.1188
1567993502.60264,-0.72,-1.44,1.1341
1567993502.6298,-0.72,-1.44,1.1462
1567993502.65212,-0.72,-1.44,1.154
1567993502.67755,-0.72,-1.44,1.1555
1567993502.70362,-0.72,-1.44,1.1513
1567993502.73113,-0.72,-1.44,1.1416
1567993502.75533,-0.72,-1.44,1.1268
1567993502.79338,-0.72,-1.44,1.1071
1567993502.80941,-0.72,-1.44,1.0832
1567993502.83682,-0.72,-1.44,1.0571
1567993502.85565,-0.72,-1.44,1.0312
1567993502.88117,-0.72,-1.44,1.0072
1567993502.90752,-0.72,-1.44,0.98656
1567993502.93615,-0.72,-1.44,0.96918
1567993502.96065,-0.72,-1.44,0.95512
1567993502.98211,-0.72,-1.44,0.94441
1567993503.00841,-0.72,-1.44,0.93643
1567993503.04946,-0.72,-1.44,0.93083
1567993503.0615,-0.72,-1.44,0.92682
1567993503.08473,-0.72,-1.44,0.9232
1567993503.11081,-0.72,-1.44,0.91838
1567993503.15301,-0.72,-1.44,0.91134
1567993503.16749,-0.72,-1.44,0.90146
1567993503.19074,-0.72,-1.44,0.88846
1567993503.21447,-0.72,-1.44,0.87175
1567993503.24603,-0.72,-1.44,0.8515
1567993503.26674,-0.72,-1.44,0.82804
1567993503.29319,-0.72,-1.44,0.8022
1567993503.31734,-0.72,-1.44,0.7742
1567993503.35673,-0.72,-1.44,0.74459
1567993503.38018,-0.72,-1.44,0.71425
1567993503.39812,-0.72,-1.44,0.68412
1567993503.42222,-0.72,-1.44,0.65503
1567993503.45735,-0.72,-1.44,0.62802
1567993503.47325,-0.72,-1.44,0.60382
1567993503.49671,-0.72,-1.44,0.58328
1567993503.52319,-0.72,-1.44,0.56608
1567993503.5772,-0.72,-1.44,0.55048
1567993503.59388,-0.72,-1.44,0.53498
1567993503.61924,-0.72,-1.44,0.51899
1567993503.64144,-0.72,-1.44,0.50372
1567993503.67141,-0.72,-1.44,0.49126
1567993503.69106,-0.72,-1.44,0.48301
1567993503.71648,-0.72,-1.44,0.47947
1567993503.73789,-0.72,-1.44,0.48059
1567993503.80534,-0.72,-1.44,0.48555
1567993503.81191,-0.72,-1.44,0.49279
1567993503.83511,-0.72,-1.44,0.50017
1567993503.86083,-0.72,-1.44,0.50667
